(kicad_pcb (version 20171130) (host pcbnew "(5.1.8)-1")

  (general
    (thickness 1.6)
    (drawings 11)
    (tracks 492)
    (zones 0)
    (modules 90)
    (nets 57)
  )

  (page A4)
  (layers
    (0 F.Cu signal)
    (1 In1.Cu power)
    (2 In2.Cu power)
    (31 B.Cu signal)
    (32 B.Adhes user)
    (33 F.Adhes user)
    (34 B.Paste user)
    (35 F.Paste user)
    (36 B.SilkS user)
    (37 F.SilkS user)
    (38 B.Mask user)
    (39 F.Mask user)
    (40 Dwgs.User user)
    (41 Cmts.User user)
    (42 Eco1.User user)
    (43 Eco2.User user)
    (44 Edge.Cuts user)
    (45 Margin user)
    (46 B.CrtYd user)
    (47 F.CrtYd user)
    (48 B.Fab user)
    (49 F.Fab user)
  )

  (setup
    (last_trace_width 0.25)
    (user_trace_width 0.6)
    (user_trace_width 1)
    (trace_clearance 0.2)
    (zone_clearance 0.508)
    (zone_45_only no)
    (trace_min 0.2)
    (via_size 0.8)
    (via_drill 0.4)
    (via_min_size 0.4)
    (via_min_drill 0.3)
    (user_via 1 0.6)
    (uvia_size 0.3)
    (uvia_drill 0.1)
    (uvias_allowed no)
    (uvia_min_size 0.2)
    (uvia_min_drill 0.1)
    (edge_width 0.05)
    (segment_width 0.2)
    (pcb_text_width 0.3)
    (pcb_text_size 1.5 1.5)
    (mod_edge_width 0.12)
    (mod_text_size 1 1)
    (mod_text_width 0.15)
    (pad_size 2.17 2.17)
    (pad_drill 1.17)
    (pad_to_mask_clearance 0)
    (aux_axis_origin 0 0)
    (visible_elements 7FFFFFFF)
    (pcbplotparams
      (layerselection 0x010fc_ffffffff)
      (usegerberextensions false)
      (usegerberattributes true)
      (usegerberadvancedattributes true)
      (creategerberjobfile true)
      (excludeedgelayer true)
      (linewidth 0.100000)
      (plotframeref false)
      (viasonmask false)
      (mode 1)
      (useauxorigin false)
      (hpglpennumber 1)
      (hpglpenspeed 20)
      (hpglpendiameter 15.000000)
      (psnegative false)
      (psa4output false)
      (plotreference true)
      (plotvalue true)
      (plotinvisibletext false)
      (padsonsilk false)
      (subtractmaskfromsilk false)
      (outputformat 1)
      (mirror false)
      (drillshape 0)
      (scaleselection 1)
      (outputdirectory "../Gerbers V1/"))
  )

  (net 0 "")
  (net 1 Earth)
  (net 2 +3V3)
  (net 3 /RESET)
  (net 4 LINE)
  (net 5 +12V)
  (net 6 /EncoderB)
  (net 7 /EncoderA)
  (net 8 /Button)
  (net 9 SDA)
  (net 10 SCL)
  (net 11 "Net-(J1-Pad3)")
  (net 12 "Net-(J1-Pad2)")
  (net 13 "Net-(J1-Pad1)")
  (net 14 TXD)
  (net 15 RXD)
  (net 16 /IO0)
  (net 17 /OnOff)
  (net 18 "Net-(Q1-Pad1)")
  (net 19 "Net-(Q1-Pad2)")
  (net 20 "Net-(Q2-Pad2)")
  (net 21 "Net-(Q2-Pad1)")
  (net 22 "Net-(D3-Pad1)")
  (net 23 "Net-(Q3-Pad1)")
  (net 24 "Net-(Q4-Pad1)")
  (net 25 "Net-(D6-Pad1)")
  (net 26 "Net-(D10-Pad1)")
  (net 27 "Net-(Q5-Pad1)")
  (net 28 "Net-(Q6-Pad1)")
  (net 29 "Net-(D12-Pad1)")
  (net 30 "Net-(Q7-Pad1)")
  (net 31 "Net-(D15-Pad1)")
  (net 32 "Net-(D18-Pad1)")
  (net 33 "Net-(Q8-Pad1)")
  (net 34 /RTC-32kHz)
  (net 35 /RTC-INTSQW)
  (net 36 "Net-(R10-Pad2)")
  (net 37 "Net-(R11-Pad2)")
  (net 38 "Net-(D3-Pad2)")
  (net 39 "Net-(D6-Pad2)")
  (net 40 "Net-(D10-Pad2)")
  (net 41 "Net-(D12-Pad2)")
  (net 42 "Net-(D15-Pad2)")
  (net 43 "Net-(D18-Pad2)")
  (net 44 /RTC-RST)
  (net 45 SCK)
  (net 46 MOSI)
  (net 47 MISO)
  (net 48 "Net-(BT1-Pad1)")
  (net 49 /!SD_SS)
  (net 50 /PWM6)
  (net 51 /PWM5)
  (net 52 /PWM4)
  (net 53 /PWM3)
  (net 54 /PWM2)
  (net 55 /PWM1)
  (net 56 /SD_Det)

  (net_class Default "This is the default net class."
    (clearance 0.2)
    (trace_width 0.25)
    (via_dia 0.8)
    (via_drill 0.4)
    (uvia_dia 0.3)
    (uvia_drill 0.1)
    (add_net +12V)
    (add_net +3V3)
    (add_net /!SD_SS)
    (add_net /Button)
    (add_net /EncoderA)
    (add_net /EncoderB)
    (add_net /IO0)
    (add_net /OnOff)
    (add_net /PWM1)
    (add_net /PWM2)
    (add_net /PWM3)
    (add_net /PWM4)
    (add_net /PWM5)
    (add_net /PWM6)
    (add_net /RESET)
    (add_net /RTC-32kHz)
    (add_net /RTC-INTSQW)
    (add_net /RTC-RST)
    (add_net /SD_Det)
    (add_net Earth)
    (add_net LINE)
    (add_net MISO)
    (add_net MOSI)
    (add_net "Net-(BT1-Pad1)")
    (add_net "Net-(D10-Pad1)")
    (add_net "Net-(D10-Pad2)")
    (add_net "Net-(D12-Pad1)")
    (add_net "Net-(D12-Pad2)")
    (add_net "Net-(D15-Pad1)")
    (add_net "Net-(D15-Pad2)")
    (add_net "Net-(D18-Pad1)")
    (add_net "Net-(D18-Pad2)")
    (add_net "Net-(D3-Pad1)")
    (add_net "Net-(D3-Pad2)")
    (add_net "Net-(D6-Pad1)")
    (add_net "Net-(D6-Pad2)")
    (add_net "Net-(J1-Pad1)")
    (add_net "Net-(J1-Pad2)")
    (add_net "Net-(J1-Pad3)")
    (add_net "Net-(Q1-Pad1)")
    (add_net "Net-(Q1-Pad2)")
    (add_net "Net-(Q2-Pad1)")
    (add_net "Net-(Q2-Pad2)")
    (add_net "Net-(Q3-Pad1)")
    (add_net "Net-(Q4-Pad1)")
    (add_net "Net-(Q5-Pad1)")
    (add_net "Net-(Q6-Pad1)")
    (add_net "Net-(Q7-Pad1)")
    (add_net "Net-(Q8-Pad1)")
    (add_net "Net-(R10-Pad2)")
    (add_net "Net-(R11-Pad2)")
    (add_net RXD)
    (add_net SCK)
    (add_net SCL)
    (add_net SDA)
    (add_net TXD)
  )

  (module Connector_PinSocket_2.54mm:PinSocket_1x08_P2.54mm_Vertical (layer B.Cu) (tedit 5A19A420) (tstamp 603E542F)
    (at 14.024 60.616 270)
    (descr "Through hole straight socket strip, 1x08, 2.54mm pitch, single row (from Kicad 4.0.7), script generated")
    (tags "Through hole socket strip THT 1x08 2.54mm single row")
    (path /608929CC)
    (fp_text reference J14 (at 0 2.77 90) (layer B.SilkS)
      (effects (font (size 1 1) (thickness 0.15)) (justify mirror))
    )
    (fp_text value Conn_01x08_Male (at 0 -20.55 90) (layer B.Fab)
      (effects (font (size 1 1) (thickness 0.15)) (justify mirror))
    )
    (fp_line (start -1.8 -19.55) (end -1.8 1.8) (layer B.CrtYd) (width 0.05))
    (fp_line (start 1.75 -19.55) (end -1.8 -19.55) (layer B.CrtYd) (width 0.05))
    (fp_line (start 1.75 1.8) (end 1.75 -19.55) (layer B.CrtYd) (width 0.05))
    (fp_line (start -1.8 1.8) (end 1.75 1.8) (layer B.CrtYd) (width 0.05))
    (fp_line (start 0 1.33) (end 1.33 1.33) (layer B.SilkS) (width 0.12))
    (fp_line (start 1.33 1.33) (end 1.33 0) (layer B.SilkS) (width 0.12))
    (fp_line (start 1.33 -1.27) (end 1.33 -19.11) (layer B.SilkS) (width 0.12))
    (fp_line (start -1.33 -19.11) (end 1.33 -19.11) (layer B.SilkS) (width 0.12))
    (fp_line (start -1.33 -1.27) (end -1.33 -19.11) (layer B.SilkS) (width 0.12))
    (fp_line (start -1.33 -1.27) (end 1.33 -1.27) (layer B.SilkS) (width 0.12))
    (fp_line (start -1.27 -19.05) (end -1.27 1.27) (layer B.Fab) (width 0.1))
    (fp_line (start 1.27 -19.05) (end -1.27 -19.05) (layer B.Fab) (width 0.1))
    (fp_line (start 1.27 0.635) (end 1.27 -19.05) (layer B.Fab) (width 0.1))
    (fp_line (start 0.635 1.27) (end 1.27 0.635) (layer B.Fab) (width 0.1))
    (fp_line (start -1.27 1.27) (end 0.635 1.27) (layer B.Fab) (width 0.1))
    (fp_text user %R (at 0 -8.89 180) (layer B.Fab)
      (effects (font (size 1 1) (thickness 0.15)) (justify mirror))
    )
    (pad 1 thru_hole rect (at 0 0 270) (size 1.7 1.7) (drill 1) (layers *.Cu *.Mask)
      (net 1 Earth))
    (pad 2 thru_hole oval (at 0 -2.54 270) (size 1.7 1.7) (drill 1) (layers *.Cu *.Mask)
      (net 55 /PWM1))
    (pad 3 thru_hole oval (at 0 -5.08 270) (size 1.7 1.7) (drill 1) (layers *.Cu *.Mask)
      (net 54 /PWM2))
    (pad 4 thru_hole oval (at 0 -7.62 270) (size 1.7 1.7) (drill 1) (layers *.Cu *.Mask)
      (net 53 /PWM3))
    (pad 5 thru_hole oval (at 0 -10.16 270) (size 1.7 1.7) (drill 1) (layers *.Cu *.Mask)
      (net 52 /PWM4))
    (pad 6 thru_hole oval (at 0 -12.7 270) (size 1.7 1.7) (drill 1) (layers *.Cu *.Mask)
      (net 51 /PWM5))
    (pad 7 thru_hole oval (at 0 -15.24 270) (size 1.7 1.7) (drill 1) (layers *.Cu *.Mask)
      (net 50 /PWM6))
    (pad 8 thru_hole oval (at 0 -17.78 270) (size 1.7 1.7) (drill 1) (layers *.Cu *.Mask)
      (net 5 +12V))
    (model ${KISYS3DMOD}/Connector_PinSocket_2.54mm.3dshapes/PinSocket_1x08_P2.54mm_Vertical.wrl
      (at (xyz 0 0 0))
      (scale (xyz 1 1 1))
      (rotate (xyz 0 0 0))
    )
  )

  (module Resistor_SMD:R_0603_1608Metric (layer F.Cu) (tedit 5F68FEEE) (tstamp 603E55E3)
    (at 21.466999 56.37 90)
    (descr "Resistor SMD 0603 (1608 Metric), square (rectangular) end terminal, IPC_7351 nominal, (Body size source: IPC-SM-782 page 72, https://www.pcb-3d.com/wordpress/wp-content/uploads/ipc-sm-782a_amendment_1_and_2.pdf), generated with kicad-footprint-generator")
    (tags resistor)
    (path /608A4409/608D2E1A)
    (attr smd)
    (fp_text reference R14 (at 2 -0.064999 180) (layer F.SilkS)
      (effects (font (size 1 1) (thickness 0.15)))
    )
    (fp_text value 1k (at 0 1.43 90) (layer F.Fab)
      (effects (font (size 1 1) (thickness 0.15)))
    )
    (fp_line (start 1.48 0.73) (end -1.48 0.73) (layer F.CrtYd) (width 0.05))
    (fp_line (start 1.48 -0.73) (end 1.48 0.73) (layer F.CrtYd) (width 0.05))
    (fp_line (start -1.48 -0.73) (end 1.48 -0.73) (layer F.CrtYd) (width 0.05))
    (fp_line (start -1.48 0.73) (end -1.48 -0.73) (layer F.CrtYd) (width 0.05))
    (fp_line (start -0.237258 0.5225) (end 0.237258 0.5225) (layer F.SilkS) (width 0.12))
    (fp_line (start -0.237258 -0.5225) (end 0.237258 -0.5225) (layer F.SilkS) (width 0.12))
    (fp_line (start 0.8 0.4125) (end -0.8 0.4125) (layer F.Fab) (width 0.1))
    (fp_line (start 0.8 -0.4125) (end 0.8 0.4125) (layer F.Fab) (width 0.1))
    (fp_line (start -0.8 -0.4125) (end 0.8 -0.4125) (layer F.Fab) (width 0.1))
    (fp_line (start -0.8 0.4125) (end -0.8 -0.4125) (layer F.Fab) (width 0.1))
    (fp_text user %R (at 0 0 90) (layer F.Fab)
      (effects (font (size 0.4 0.4) (thickness 0.06)))
    )
    (pad 1 smd roundrect (at -0.825 0 90) (size 0.8 0.95) (layers F.Cu F.Paste F.Mask) (roundrect_rratio 0.25)
      (net 53 /PWM3))
    (pad 2 smd roundrect (at 0.825 0 90) (size 0.8 0.95) (layers F.Cu F.Paste F.Mask) (roundrect_rratio 0.25)
      (net 27 "Net-(Q5-Pad1)"))
    (model ${KISYS3DMOD}/Resistor_SMD.3dshapes/R_0603_1608Metric.wrl
      (at (xyz 0 0 0))
      (scale (xyz 1 1 1))
      (rotate (xyz 0 0 0))
    )
  )

  (module Resistor_SMD:R_0603_1608Metric (layer F.Cu) (tedit 5F68FEEE) (tstamp 603E5616)
    (at 29.324 56.416 90)
    (descr "Resistor SMD 0603 (1608 Metric), square (rectangular) end terminal, IPC_7351 nominal, (Body size source: IPC-SM-782 page 72, https://www.pcb-3d.com/wordpress/wp-content/uploads/ipc-sm-782a_amendment_1_and_2.pdf), generated with kicad-footprint-generator")
    (tags resistor)
    (path /608A4409/608DC73C)
    (attr smd)
    (fp_text reference R17 (at -2.138 -0.094 180) (layer F.SilkS)
      (effects (font (size 1 1) (thickness 0.15)))
    )
    (fp_text value 1k (at 0 1.43 90) (layer F.Fab)
      (effects (font (size 1 1) (thickness 0.15)))
    )
    (fp_line (start -0.8 0.4125) (end -0.8 -0.4125) (layer F.Fab) (width 0.1))
    (fp_line (start -0.8 -0.4125) (end 0.8 -0.4125) (layer F.Fab) (width 0.1))
    (fp_line (start 0.8 -0.4125) (end 0.8 0.4125) (layer F.Fab) (width 0.1))
    (fp_line (start 0.8 0.4125) (end -0.8 0.4125) (layer F.Fab) (width 0.1))
    (fp_line (start -0.237258 -0.5225) (end 0.237258 -0.5225) (layer F.SilkS) (width 0.12))
    (fp_line (start -0.237258 0.5225) (end 0.237258 0.5225) (layer F.SilkS) (width 0.12))
    (fp_line (start -1.48 0.73) (end -1.48 -0.73) (layer F.CrtYd) (width 0.05))
    (fp_line (start -1.48 -0.73) (end 1.48 -0.73) (layer F.CrtYd) (width 0.05))
    (fp_line (start 1.48 -0.73) (end 1.48 0.73) (layer F.CrtYd) (width 0.05))
    (fp_line (start 1.48 0.73) (end -1.48 0.73) (layer F.CrtYd) (width 0.05))
    (fp_text user %R (at 0 0 90) (layer F.Fab)
      (effects (font (size 0.4 0.4) (thickness 0.06)))
    )
    (pad 2 smd roundrect (at 0.825 0 90) (size 0.8 0.95) (layers F.Cu F.Paste F.Mask) (roundrect_rratio 0.25)
      (net 33 "Net-(Q8-Pad1)"))
    (pad 1 smd roundrect (at -0.825 0 90) (size 0.8 0.95) (layers F.Cu F.Paste F.Mask) (roundrect_rratio 0.25)
      (net 50 /PWM6))
    (model ${KISYS3DMOD}/Resistor_SMD.3dshapes/R_0603_1608Metric.wrl
      (at (xyz 0 0 0))
      (scale (xyz 1 1 1))
      (rotate (xyz 0 0 0))
    )
  )

  (module Resistor_SMD:R_0603_1608Metric (layer F.Cu) (tedit 5F68FEEE) (tstamp 603E55C1)
    (at 16.402 56.395 90)
    (descr "Resistor SMD 0603 (1608 Metric), square (rectangular) end terminal, IPC_7351 nominal, (Body size source: IPC-SM-782 page 72, https://www.pcb-3d.com/wordpress/wp-content/uploads/ipc-sm-782a_amendment_1_and_2.pdf), generated with kicad-footprint-generator")
    (tags resistor)
    (path /608A4409/608B7DE3)
    (attr smd)
    (fp_text reference R12 (at 2.225 -0.4 180) (layer F.SilkS)
      (effects (font (size 1 1) (thickness 0.15)))
    )
    (fp_text value 1k (at 0 1.43 90) (layer F.Fab)
      (effects (font (size 1 1) (thickness 0.15)))
    )
    (fp_line (start 1.48 0.73) (end -1.48 0.73) (layer F.CrtYd) (width 0.05))
    (fp_line (start 1.48 -0.73) (end 1.48 0.73) (layer F.CrtYd) (width 0.05))
    (fp_line (start -1.48 -0.73) (end 1.48 -0.73) (layer F.CrtYd) (width 0.05))
    (fp_line (start -1.48 0.73) (end -1.48 -0.73) (layer F.CrtYd) (width 0.05))
    (fp_line (start -0.237258 0.5225) (end 0.237258 0.5225) (layer F.SilkS) (width 0.12))
    (fp_line (start -0.237258 -0.5225) (end 0.237258 -0.5225) (layer F.SilkS) (width 0.12))
    (fp_line (start 0.8 0.4125) (end -0.8 0.4125) (layer F.Fab) (width 0.1))
    (fp_line (start 0.8 -0.4125) (end 0.8 0.4125) (layer F.Fab) (width 0.1))
    (fp_line (start -0.8 -0.4125) (end 0.8 -0.4125) (layer F.Fab) (width 0.1))
    (fp_line (start -0.8 0.4125) (end -0.8 -0.4125) (layer F.Fab) (width 0.1))
    (fp_text user %R (at 0 0 90) (layer F.Fab)
      (effects (font (size 0.4 0.4) (thickness 0.06)))
    )
    (pad 1 smd roundrect (at -0.825 0 90) (size 0.8 0.95) (layers F.Cu F.Paste F.Mask) (roundrect_rratio 0.25)
      (net 55 /PWM1))
    (pad 2 smd roundrect (at 0.825 0 90) (size 0.8 0.95) (layers F.Cu F.Paste F.Mask) (roundrect_rratio 0.25)
      (net 23 "Net-(Q3-Pad1)"))
    (model ${KISYS3DMOD}/Resistor_SMD.3dshapes/R_0603_1608Metric.wrl
      (at (xyz 0 0 0))
      (scale (xyz 1 1 1))
      (rotate (xyz 0 0 0))
    )
  )

  (module Resistor_SMD:R_0603_1608Metric (layer F.Cu) (tedit 5F68FEEE) (tstamp 603E55D2)
    (at 19.002 56.37 90)
    (descr "Resistor SMD 0603 (1608 Metric), square (rectangular) end terminal, IPC_7351 nominal, (Body size source: IPC-SM-782 page 72, https://www.pcb-3d.com/wordpress/wp-content/uploads/ipc-sm-782a_amendment_1_and_2.pdf), generated with kicad-footprint-generator")
    (tags resistor)
    (path /608A4409/608BBE57)
    (attr smd)
    (fp_text reference R13 (at -2.2 0 180) (layer F.SilkS)
      (effects (font (size 1 1) (thickness 0.15)))
    )
    (fp_text value 1k (at 0 1.43 90) (layer F.Fab)
      (effects (font (size 1 1) (thickness 0.15)))
    )
    (fp_line (start -0.8 0.4125) (end -0.8 -0.4125) (layer F.Fab) (width 0.1))
    (fp_line (start -0.8 -0.4125) (end 0.8 -0.4125) (layer F.Fab) (width 0.1))
    (fp_line (start 0.8 -0.4125) (end 0.8 0.4125) (layer F.Fab) (width 0.1))
    (fp_line (start 0.8 0.4125) (end -0.8 0.4125) (layer F.Fab) (width 0.1))
    (fp_line (start -0.237258 -0.5225) (end 0.237258 -0.5225) (layer F.SilkS) (width 0.12))
    (fp_line (start -0.237258 0.5225) (end 0.237258 0.5225) (layer F.SilkS) (width 0.12))
    (fp_line (start -1.48 0.73) (end -1.48 -0.73) (layer F.CrtYd) (width 0.05))
    (fp_line (start -1.48 -0.73) (end 1.48 -0.73) (layer F.CrtYd) (width 0.05))
    (fp_line (start 1.48 -0.73) (end 1.48 0.73) (layer F.CrtYd) (width 0.05))
    (fp_line (start 1.48 0.73) (end -1.48 0.73) (layer F.CrtYd) (width 0.05))
    (fp_text user %R (at 0 0 90) (layer F.Fab)
      (effects (font (size 0.4 0.4) (thickness 0.06)))
    )
    (pad 2 smd roundrect (at 0.825 0 90) (size 0.8 0.95) (layers F.Cu F.Paste F.Mask) (roundrect_rratio 0.25)
      (net 24 "Net-(Q4-Pad1)"))
    (pad 1 smd roundrect (at -0.825 0 90) (size 0.8 0.95) (layers F.Cu F.Paste F.Mask) (roundrect_rratio 0.25)
      (net 54 /PWM2))
    (model ${KISYS3DMOD}/Resistor_SMD.3dshapes/R_0603_1608Metric.wrl
      (at (xyz 0 0 0))
      (scale (xyz 1 1 1))
      (rotate (xyz 0 0 0))
    )
  )

  (module Resistor_SMD:R_0603_1608Metric (layer F.Cu) (tedit 5F68FEEE) (tstamp 603E55F4)
    (at 24.124 56.416 90)
    (descr "Resistor SMD 0603 (1608 Metric), square (rectangular) end terminal, IPC_7351 nominal, (Body size source: IPC-SM-782 page 72, https://www.pcb-3d.com/wordpress/wp-content/uploads/ipc-sm-782a_amendment_1_and_2.pdf), generated with kicad-footprint-generator")
    (tags resistor)
    (path /608A4409/608D2E5A)
    (attr smd)
    (fp_text reference R15 (at -2.2 0) (layer F.SilkS)
      (effects (font (size 1 1) (thickness 0.15)))
    )
    (fp_text value 1k (at 0 1.43 90) (layer F.Fab)
      (effects (font (size 1 1) (thickness 0.15)))
    )
    (fp_line (start -0.8 0.4125) (end -0.8 -0.4125) (layer F.Fab) (width 0.1))
    (fp_line (start -0.8 -0.4125) (end 0.8 -0.4125) (layer F.Fab) (width 0.1))
    (fp_line (start 0.8 -0.4125) (end 0.8 0.4125) (layer F.Fab) (width 0.1))
    (fp_line (start 0.8 0.4125) (end -0.8 0.4125) (layer F.Fab) (width 0.1))
    (fp_line (start -0.237258 -0.5225) (end 0.237258 -0.5225) (layer F.SilkS) (width 0.12))
    (fp_line (start -0.237258 0.5225) (end 0.237258 0.5225) (layer F.SilkS) (width 0.12))
    (fp_line (start -1.48 0.73) (end -1.48 -0.73) (layer F.CrtYd) (width 0.05))
    (fp_line (start -1.48 -0.73) (end 1.48 -0.73) (layer F.CrtYd) (width 0.05))
    (fp_line (start 1.48 -0.73) (end 1.48 0.73) (layer F.CrtYd) (width 0.05))
    (fp_line (start 1.48 0.73) (end -1.48 0.73) (layer F.CrtYd) (width 0.05))
    (fp_text user %R (at 0 0 90) (layer F.Fab)
      (effects (font (size 0.4 0.4) (thickness 0.06)))
    )
    (pad 2 smd roundrect (at 0.825 0 90) (size 0.8 0.95) (layers F.Cu F.Paste F.Mask) (roundrect_rratio 0.25)
      (net 28 "Net-(Q6-Pad1)"))
    (pad 1 smd roundrect (at -0.825 0 90) (size 0.8 0.95) (layers F.Cu F.Paste F.Mask) (roundrect_rratio 0.25)
      (net 52 /PWM4))
    (model ${KISYS3DMOD}/Resistor_SMD.3dshapes/R_0603_1608Metric.wrl
      (at (xyz 0 0 0))
      (scale (xyz 1 1 1))
      (rotate (xyz 0 0 0))
    )
  )

  (module Resistor_SMD:R_0603_1608Metric (layer F.Cu) (tedit 5F68FEEE) (tstamp 603E5605)
    (at 26.724 56.416 90)
    (descr "Resistor SMD 0603 (1608 Metric), square (rectangular) end terminal, IPC_7351 nominal, (Body size source: IPC-SM-782 page 72, https://www.pcb-3d.com/wordpress/wp-content/uploads/ipc-sm-782a_amendment_1_and_2.pdf), generated with kicad-footprint-generator")
    (tags resistor)
    (path /608A4409/608DC6FC)
    (attr smd)
    (fp_text reference R16 (at 2 0 180) (layer F.SilkS)
      (effects (font (size 1 1) (thickness 0.15)))
    )
    (fp_text value 1k (at 0 1.43 90) (layer F.Fab)
      (effects (font (size 1 1) (thickness 0.15)))
    )
    (fp_line (start 1.48 0.73) (end -1.48 0.73) (layer F.CrtYd) (width 0.05))
    (fp_line (start 1.48 -0.73) (end 1.48 0.73) (layer F.CrtYd) (width 0.05))
    (fp_line (start -1.48 -0.73) (end 1.48 -0.73) (layer F.CrtYd) (width 0.05))
    (fp_line (start -1.48 0.73) (end -1.48 -0.73) (layer F.CrtYd) (width 0.05))
    (fp_line (start -0.237258 0.5225) (end 0.237258 0.5225) (layer F.SilkS) (width 0.12))
    (fp_line (start -0.237258 -0.5225) (end 0.237258 -0.5225) (layer F.SilkS) (width 0.12))
    (fp_line (start 0.8 0.4125) (end -0.8 0.4125) (layer F.Fab) (width 0.1))
    (fp_line (start 0.8 -0.4125) (end 0.8 0.4125) (layer F.Fab) (width 0.1))
    (fp_line (start -0.8 -0.4125) (end 0.8 -0.4125) (layer F.Fab) (width 0.1))
    (fp_line (start -0.8 0.4125) (end -0.8 -0.4125) (layer F.Fab) (width 0.1))
    (fp_text user %R (at 0 0 90) (layer F.Fab)
      (effects (font (size 0.4 0.4) (thickness 0.06)))
    )
    (pad 1 smd roundrect (at -0.825 0 90) (size 0.8 0.95) (layers F.Cu F.Paste F.Mask) (roundrect_rratio 0.25)
      (net 51 /PWM5))
    (pad 2 smd roundrect (at 0.825 0 90) (size 0.8 0.95) (layers F.Cu F.Paste F.Mask) (roundrect_rratio 0.25)
      (net 30 "Net-(Q7-Pad1)"))
    (model ${KISYS3DMOD}/Resistor_SMD.3dshapes/R_0603_1608Metric.wrl
      (at (xyz 0 0 0))
      (scale (xyz 1 1 1))
      (rotate (xyz 0 0 0))
    )
  )

  (module Package_TO_SOT_SMD:SOT-23 (layer F.Cu) (tedit 5A02FF57) (tstamp 603FD9C8)
    (at 60.238 46.238 90)
    (descr "SOT-23, Standard")
    (tags SOT-23)
    (path /608A4409/608D2E0A)
    (attr smd)
    (fp_text reference Q5 (at 0 -2.5 90) (layer F.SilkS)
      (effects (font (size 1 1) (thickness 0.15)))
    )
    (fp_text value Q_PNP_BCE (at 0 2.5 90) (layer F.Fab)
      (effects (font (size 1 1) (thickness 0.15)))
    )
    (fp_line (start -0.7 -0.95) (end -0.7 1.5) (layer F.Fab) (width 0.1))
    (fp_line (start -0.15 -1.52) (end 0.7 -1.52) (layer F.Fab) (width 0.1))
    (fp_line (start -0.7 -0.95) (end -0.15 -1.52) (layer F.Fab) (width 0.1))
    (fp_line (start 0.7 -1.52) (end 0.7 1.52) (layer F.Fab) (width 0.1))
    (fp_line (start -0.7 1.52) (end 0.7 1.52) (layer F.Fab) (width 0.1))
    (fp_line (start 0.76 1.58) (end 0.76 0.65) (layer F.SilkS) (width 0.12))
    (fp_line (start 0.76 -1.58) (end 0.76 -0.65) (layer F.SilkS) (width 0.12))
    (fp_line (start -1.7 -1.75) (end 1.7 -1.75) (layer F.CrtYd) (width 0.05))
    (fp_line (start 1.7 -1.75) (end 1.7 1.75) (layer F.CrtYd) (width 0.05))
    (fp_line (start 1.7 1.75) (end -1.7 1.75) (layer F.CrtYd) (width 0.05))
    (fp_line (start -1.7 1.75) (end -1.7 -1.75) (layer F.CrtYd) (width 0.05))
    (fp_line (start 0.76 -1.58) (end -1.4 -1.58) (layer F.SilkS) (width 0.12))
    (fp_line (start 0.76 1.58) (end -0.7 1.58) (layer F.SilkS) (width 0.12))
    (fp_text user %R (at 0 0) (layer F.Fab)
      (effects (font (size 0.5 0.5) (thickness 0.075)))
    )
    (pad 3 smd rect (at 1 0 90) (size 0.9 0.8) (layers F.Cu F.Paste F.Mask)
      (net 26 "Net-(D10-Pad1)"))
    (pad 2 smd rect (at -1 0.95 90) (size 0.9 0.8) (layers F.Cu F.Paste F.Mask)
      (net 1 Earth))
    (pad 1 smd rect (at -1 -0.95 90) (size 0.9 0.8) (layers F.Cu F.Paste F.Mask)
      (net 27 "Net-(Q5-Pad1)"))
    (model ${KISYS3DMOD}/Package_TO_SOT_SMD.3dshapes/SOT-23.wrl
      (at (xyz 0 0 0))
      (scale (xyz 1 1 1))
      (rotate (xyz 0 0 0))
    )
  )

  (module digikey-footprints:USB_Micro_B_Female_10118194-0001LF (layer F.Cu) (tedit 603F7CAD) (tstamp 603E52DB)
    (at 98.5 104)
    (descr http://portal.fciconnect.com/Comergent//fci/drawing/10118194.pdf)
    (path /60087FD5)
    (attr smd)
    (fp_text reference J1 (at 5 0 270) (layer F.SilkS)
      (effects (font (size 1 1) (thickness 0.15)))
    )
    (fp_text value USB_B_Micro (at 0 7) (layer F.Fab)
      (effects (font (size 1 1) (thickness 0.15)))
    )
    (fp_line (start 4.5 5.75) (end 4.5 -1) (layer F.CrtYd) (width 0.05))
    (fp_line (start -4.5 5.75) (end 4.5 5.75) (layer F.CrtYd) (width 0.05))
    (fp_line (start -4.5 5.75) (end -4.5 -1) (layer F.CrtYd) (width 0.05))
    (fp_line (start -4.5 -1) (end 4.5 -1) (layer F.CrtYd) (width 0.05))
    (fp_line (start -4.1 4.9) (end -4.1 5.45) (layer F.SilkS) (width 0.1))
    (fp_line (start -4.1 5.45) (end -3.45 5.45) (layer F.SilkS) (width 0.1))
    (fp_line (start 4.1 4.85) (end 4.1 5.45) (layer F.SilkS) (width 0.1))
    (fp_line (start 4.1 5.45) (end 3.7 5.45) (layer F.SilkS) (width 0.1))
    (fp_line (start 3.6 -0.25) (end 4.1 -0.25) (layer F.SilkS) (width 0.1))
    (fp_line (start 4.1 -0.25) (end 4.1 0.45) (layer F.SilkS) (width 0.1))
    (fp_line (start -3.35 -0.25) (end -3.8 -0.25) (layer F.SilkS) (width 0.1))
    (fp_line (start -3.8 -0.25) (end -4.1 0.1) (layer F.SilkS) (width 0.1))
    (fp_line (start -4.1 0.1) (end -4.1 0.4) (layer F.SilkS) (width 0.1))
    (fp_line (start -4.1 0.4) (end -4.25 0.4) (layer F.SilkS) (width 0.1))
    (fp_line (start -4.03 5.38) (end -4.02 0.23) (layer F.Fab) (width 0.1))
    (fp_line (start 4.02 -0.15) (end -3.71 -0.15) (layer F.Fab) (width 0.1))
    (fp_line (start -4.02 0.23) (end -3.71 -0.15) (layer F.Fab) (width 0.1))
    (fp_line (start -4.025 5.38) (end 4.025 5.38) (layer F.Fab) (width 0.1))
    (fp_line (start 4.025 5.38) (end 4.025 -0.15) (layer F.Fab) (width 0.1))
    (fp_text user %R (at 15 0.5) (layer F.Fab)
      (effects (font (size 1 1) (thickness 0.15)))
    )
    (pad 6 thru_hole oval (at 3.5 2.7) (size 1 1.55) (drill oval 0.5 1.15) (layers *.Cu *.Mask)
      (net 1 Earth))
    (pad 6 thru_hole oval (at -3.5 2.7) (size 1 1.55) (drill oval 0.5 1.15) (layers *.Cu *.Mask)
      (net 1 Earth))
    (pad 6 thru_hole oval (at -2.5 0) (size 1.25 0.95) (drill oval 0.85 0.55) (layers *.Cu *.Mask)
      (net 1 Earth))
    (pad 6 thru_hole oval (at 2.5 0) (size 1.25 0.95) (drill oval 0.85 0.55) (layers *.Cu *.Mask)
      (net 1 Earth))
    (pad 1 smd rect (at -1.3 0) (size 0.4 1.35) (layers F.Cu F.Paste F.Mask)
      (net 13 "Net-(J1-Pad1)"))
    (pad 2 smd rect (at -0.65 0) (size 0.4 1.35) (layers F.Cu F.Paste F.Mask)
      (net 12 "Net-(J1-Pad2)"))
    (pad 5 smd rect (at 1.3 0) (size 0.4 1.35) (layers F.Cu F.Paste F.Mask)
      (net 1 Earth))
    (pad 4 smd rect (at 0.65 0) (size 0.4 1.35) (layers F.Cu F.Paste F.Mask))
    (pad 3 smd rect (at 0 0) (size 0.4 1.35) (layers F.Cu F.Paste F.Mask)
      (net 11 "Net-(J1-Pad3)"))
  )

  (module digikey-footprints:Barrel_Jack_5.5mmODx2.1mmID_PJ-202A (layer B.Cu) (tedit 5CAD1432) (tstamp 603E52F5)
    (at 175.2 103.5 90)
    (path /5FC7387C)
    (fp_text reference J2 (at 0 12.1 -90) (layer B.SilkS)
      (effects (font (size 1 1) (thickness 0.15)) (justify mirror))
    )
    (fp_text value PJ-202-AH (at 0 -5.8 -90) (layer B.Fab)
      (effects (font (size 1 1) (thickness 0.15)) (justify mirror))
    )
    (fp_line (start -4.5 -3.7) (end 4.5 -3.7) (layer B.Fab) (width 0.1))
    (fp_line (start -4.5 -3.7) (end -4.5 10.7) (layer B.Fab) (width 0.1))
    (fp_line (start 4.5 -3.7) (end 4.5 10.7) (layer B.Fab) (width 0.1))
    (fp_line (start -4.5 10.7) (end 4.5 10.7) (layer B.Fab) (width 0.1))
    (fp_line (start 4.6 -3.8) (end 4.1 -3.8) (layer B.SilkS) (width 0.1))
    (fp_line (start 4.6 -3.8) (end 4.6 -3.3) (layer B.SilkS) (width 0.1))
    (fp_line (start -4.6 -3.8) (end -4.1 -3.8) (layer B.SilkS) (width 0.1))
    (fp_line (start -4.6 -3.8) (end -4.6 -3.3) (layer B.SilkS) (width 0.1))
    (fp_line (start -1.2 1.8) (end 1.2 1.8) (layer B.SilkS) (width 0.1))
    (fp_line (start -4.6 10.8) (end -4.6 10.3) (layer B.SilkS) (width 0.1))
    (fp_line (start -4.6 10.8) (end -4.1 10.8) (layer B.SilkS) (width 0.1))
    (fp_line (start 4.6 10.8) (end 4.1 10.8) (layer B.SilkS) (width 0.1))
    (fp_line (start 4.6 10.8) (end 4.6 10.3) (layer B.SilkS) (width 0.1))
    (fp_line (start -4.6 3.5) (end -4.6 4.5) (layer B.SilkS) (width 0.1))
    (fp_line (start 4.6 3.5) (end 4.6 4.5) (layer B.SilkS) (width 0.1))
    (fp_line (start -5.9 11) (end 4.8 11) (layer B.CrtYd) (width 0.05))
    (fp_line (start -5.9 11) (end -5.9 -4.2) (layer B.CrtYd) (width 0.05))
    (fp_line (start 4.8 11) (end 4.8 -4.2) (layer B.CrtYd) (width 0.05))
    (fp_line (start -5.9 -4.2) (end 4.8 -4.2) (layer B.CrtYd) (width 0.05))
    (pad 3 thru_hole rect (at -4.7 0 90) (size 2 4.5) (drill oval 1 3.5) (layers *.Cu *.Mask))
    (pad 1 thru_hole rect (at 0 -3 90) (size 4.5 2) (drill oval 3.5 1) (layers *.Cu *.Mask)
      (net 4 LINE))
    (pad 2 thru_hole rect (at 0 3 90) (size 4.5 2) (drill oval 3.5 1) (layers *.Cu *.Mask)
      (net 1 Earth))
  )

  (module Connector_PinSocket_2.54mm:PinSocket_1x05_P2.54mm_Vertical (layer B.Cu) (tedit 603F6D79) (tstamp 603FE9C7)
    (at 145 75 180)
    (descr "Through hole straight socket strip, 1x05, 2.54mm pitch, single row (from Kicad 4.0.7), script generated")
    (tags "Through hole socket strip THT 1x05 2.54mm single row")
    (path /5FF0CEF9)
    (fp_text reference J13 (at -7.85 0 270) (layer B.SilkS)
      (effects (font (size 1 1) (thickness 0.15)) (justify mirror))
    )
    (fp_text value Screen (at 7.85 0 270) (layer B.Fab)
      (effects (font (size 1 1) (thickness 0.15)) (justify mirror))
    )
    (fp_line (start 0 1.27) (end 22.86 1.27) (layer B.SilkS) (width 0.12))
    (fp_line (start 0 1.27) (end -22.86 1.27) (layer B.SilkS) (width 0.12))
    (fp_line (start -22.86 1.27) (end -22.86 1.27) (layer B.SilkS) (width 0.12))
    (fp_line (start 22.86 1.27) (end 22.86 1.27) (layer B.SilkS) (width 0.12))
    (fp_line (start -25.4 -1.27) (end -25.4 -15.24) (layer B.SilkS) (width 0.12))
    (fp_line (start -25.4 -15.24) (end -25.4 -16.51) (layer B.SilkS) (width 0.12))
    (fp_line (start 25.4 -1.27) (end 25.4 -24.13) (layer B.SilkS) (width 0.12))
    (fp_line (start 22.86 -26.67) (end -22.86 -26.67) (layer B.SilkS) (width 0.12))
    (fp_line (start -25.4 -24.13) (end -25.4 -16.51) (layer B.SilkS) (width 0.12))
    (fp_text user %R (at 0 0) (layer B.Fab)
      (effects (font (size 1 1) (thickness 0.15)) (justify mirror))
    )
    (fp_arc (start 22.86 -24.13) (end 22.86 -26.67) (angle 90) (layer B.SilkS) (width 0.12))
    (fp_arc (start 22.86 -1.27) (end 25.4 -1.27) (angle 90) (layer B.SilkS) (width 0.12))
    (fp_arc (start -22.86 -24.13) (end -25.4 -24.13) (angle 90) (layer B.SilkS) (width 0.12))
    (fp_arc (start -22.86 -1.27) (end -22.86 1.27) (angle 90) (layer B.SilkS) (width 0.12))
    (pad 5 thru_hole oval (at 5.08 0 90) (size 1.7 1.7) (drill 1) (layers *.Cu *.Mask)
      (net 10 SCL))
    (pad 4 thru_hole oval (at 2.54 0 90) (size 1.7 1.7) (drill 1) (layers *.Cu *.Mask)
      (net 9 SDA))
    (pad 3 thru_hole oval (at 0 0 90) (size 1.7 1.7) (drill 1) (layers *.Cu *.Mask)
      (net 1 Earth))
    (pad 2 thru_hole oval (at -2.54 0 90) (size 1.7 1.7) (drill 1) (layers *.Cu *.Mask)
      (net 2 +3V3))
    (pad 1 thru_hole rect (at -5.08 0 90) (size 1.7 1.7) (drill 1) (layers *.Cu *.Mask)
      (net 2 +3V3))
    (pad "" thru_hole circle (at 23.368 -0.762 180) (size 2 2) (drill 2) (layers *.Cu *.Mask))
    (pad "" thru_hole circle (at -23.368 -0.762 180) (size 2 2) (drill 2) (layers *.Cu *.Mask))
    (pad "" thru_hole circle (at -23.368 -24.638 180) (size 2 2) (drill 2) (layers *.Cu *.Mask))
    (pad "" thru_hole circle (at 23.368 -24.638 180) (size 2 2) (drill 2) (layers *.Cu *.Mask))
    (model ${KISYS3DMOD}/Connector_PinSocket_2.54mm.3dshapes/PinSocket_1x05_P2.54mm_Vertical.wrl
      (offset (xyz 5 0 0))
      (scale (xyz 1 1 1))
      (rotate (xyz 0 0 90))
    )
  )

  (module digikey-footprints:GCT_MEM2075-00-140-01-A (layer F.Cu) (tedit 603E2848) (tstamp 604043ED)
    (at 134.5 105.5)
    (path /60624371)
    (fp_text reference J3 (at 7 -11.5) (layer F.SilkS)
      (effects (font (size 1 1) (thickness 0.015)))
    )
    (fp_text value Micro_SD_Card_Det (at 6.305 4.865) (layer F.Fab)
      (effects (font (size 1 1) (thickness 0.015)))
    )
    (fp_line (start 7.55 4.23) (end 9.35 4.23) (layer F.CrtYd) (width 0.05))
    (fp_line (start 7.55 4.48) (end 7.55 4.23) (layer F.CrtYd) (width 0.05))
    (fp_line (start 5.95 4.48) (end 7.55 4.48) (layer F.CrtYd) (width 0.05))
    (fp_line (start 5.95 4.23) (end 5.95 4.48) (layer F.CrtYd) (width 0.05))
    (fp_line (start -8.4 4.23) (end 5.95 4.23) (layer F.CrtYd) (width 0.05))
    (fp_line (start 8 3.98) (end 8 -10.77) (layer F.Fab) (width 0.1))
    (fp_line (start 7.3 3.98) (end 8 3.98) (layer F.Fab) (width 0.1))
    (fp_line (start 7.3 4.23) (end 7.3 3.98) (layer F.Fab) (width 0.1))
    (fp_line (start 6.2 4.23) (end 7.3 4.23) (layer F.Fab) (width 0.1))
    (fp_line (start 6.2 3.98) (end 6.2 4.23) (layer F.Fab) (width 0.1))
    (fp_line (start 8 3.98) (end 8 1.2) (layer F.SilkS) (width 0.2))
    (fp_line (start 7.3 3.98) (end 8 3.98) (layer F.SilkS) (width 0.2))
    (fp_line (start 7.3 4.23) (end 7.3 3.98) (layer F.SilkS) (width 0.2))
    (fp_line (start 6.2 4.23) (end 7.3 4.23) (layer F.SilkS) (width 0.2))
    (fp_line (start 6.2 3.98) (end 6.2 4.23) (layer F.SilkS) (width 0.2))
    (fp_line (start -8.4 4.23) (end -8.4 -12.37) (layer F.CrtYd) (width 0.05))
    (fp_line (start 9.35 -12.37) (end 9.35 4.23) (layer F.CrtYd) (width 0.05))
    (fp_line (start -8.4 -12.37) (end 9.35 -12.37) (layer F.CrtYd) (width 0.05))
    (fp_circle (center 3.2 -12.5) (end 3.32 -12.5) (layer F.Fab) (width 0.24))
    (fp_circle (center 3.2 -12.5) (end 3.32 -12.5) (layer F.SilkS) (width 0.24))
    (fp_line (start 8 -2) (end 8 -7.8) (layer F.SilkS) (width 0.2))
    (fp_line (start 3.2 -10.77) (end 7.7 -10.77) (layer F.SilkS) (width 0.2))
    (fp_line (start -7.05 -2) (end -7.05 -7.8) (layer F.SilkS) (width 0.2))
    (fp_line (start -7.05 3.98) (end -7.05 1.2) (layer F.SilkS) (width 0.2))
    (fp_line (start -7.05 3.98) (end 6.2 3.98) (layer F.SilkS) (width 0.2))
    (fp_poly (pts (xy -7.05 -7.92) (xy 3.15 -7.92) (xy 3.15 -3.87) (xy -7.05 -3.87)) (layer Dwgs.User) (width 0.01))
    (fp_poly (pts (xy -7.05 -7.92) (xy 3.15 -7.92) (xy 3.15 -3.87) (xy -7.05 -3.87)) (layer Dwgs.User) (width 0.01))
    (fp_line (start -7.05 -10.77) (end 8 -10.77) (layer F.Fab) (width 0.1))
    (fp_line (start -7.05 3.98) (end -7.05 -10.77) (layer F.Fab) (width 0.1))
    (fp_line (start -7.05 3.98) (end 6.2 3.98) (layer F.Fab) (width 0.1))
    (pad 1 smd rect (at 2.58 -11.42) (size 0.62 1.4) (layers F.Cu F.Paste F.Mask))
    (pad 2 smd rect (at 1.48 -11.42) (size 0.62 1.4) (layers F.Cu F.Paste F.Mask)
      (net 49 /!SD_SS))
    (pad 3 smd rect (at 0.38 -11.42) (size 0.62 1.4) (layers F.Cu F.Paste F.Mask)
      (net 46 MOSI))
    (pad 4 smd rect (at -0.72 -11.42) (size 0.62 1.4) (layers F.Cu F.Paste F.Mask)
      (net 2 +3V3))
    (pad 5 smd rect (at -1.82 -11.42) (size 0.62 1.4) (layers F.Cu F.Paste F.Mask)
      (net 45 SCK))
    (pad 6 smd rect (at -2.92 -11.42) (size 0.62 1.4) (layers F.Cu F.Paste F.Mask)
      (net 1 Earth))
    (pad 7 smd rect (at -4.02 -11.42) (size 0.62 1.4) (layers F.Cu F.Paste F.Mask)
      (net 47 MISO))
    (pad 8 smd rect (at -5.12 -11.42) (size 0.62 1.4) (layers F.Cu F.Paste F.Mask))
    (pad 9 smd rect (at -6.22 -11.42) (size 0.62 1.4) (layers F.Cu F.Paste F.Mask)
      (net 56 /SD_Det))
    (pad None np_thru_hole circle (at -3.4 0) (size 0.95 0.95) (drill 0.95) (layers *.Cu *.Mask))
    (pad None np_thru_hole circle (at 3.4 0) (size 0.95 0.95) (drill 0.95) (layers *.Cu *.Mask))
    (pad 11 smd rect (at -7.6 -0.42) (size 1.1 2.4) (layers F.Cu F.Paste F.Mask)
      (net 1 Earth))
    (pad 11 smd rect (at -7.6 -9.42) (size 1.1 2.4) (layers F.Cu F.Paste F.Mask)
      (net 1 Earth))
    (pad 11 smd rect (at 8.55 -9.42) (size 1.1 2.4) (layers F.Cu F.Paste F.Mask)
      (net 1 Earth))
    (pad 11 smd rect (at 8.55 -0.42) (size 1.1 2.4) (layers F.Cu F.Paste F.Mask)
      (net 1 Earth))
  )

  (module Resistor_SMD:R_0603_1608Metric (layer F.Cu) (tedit 5F68FEEE) (tstamp 603E556C)
    (at 114 98.6 90)
    (descr "Resistor SMD 0603 (1608 Metric), square (rectangular) end terminal, IPC_7351 nominal, (Body size source: IPC-SM-782 page 72, https://www.pcb-3d.com/wordpress/wp-content/uploads/ipc-sm-782a_amendment_1_and_2.pdf), generated with kicad-footprint-generator")
    (tags resistor)
    (path /5FDDFAE9)
    (attr smd)
    (fp_text reference R7 (at 0 1.5 90) (layer F.SilkS)
      (effects (font (size 1 1) (thickness 0.15)))
    )
    (fp_text value 10k (at 0 1.43 90) (layer F.Fab)
      (effects (font (size 1 1) (thickness 0.15)))
    )
    (fp_line (start -0.8 0.4125) (end -0.8 -0.4125) (layer F.Fab) (width 0.1))
    (fp_line (start -0.8 -0.4125) (end 0.8 -0.4125) (layer F.Fab) (width 0.1))
    (fp_line (start 0.8 -0.4125) (end 0.8 0.4125) (layer F.Fab) (width 0.1))
    (fp_line (start 0.8 0.4125) (end -0.8 0.4125) (layer F.Fab) (width 0.1))
    (fp_line (start -0.237258 -0.5225) (end 0.237258 -0.5225) (layer F.SilkS) (width 0.12))
    (fp_line (start -0.237258 0.5225) (end 0.237258 0.5225) (layer F.SilkS) (width 0.12))
    (fp_line (start -1.48 0.73) (end -1.48 -0.73) (layer F.CrtYd) (width 0.05))
    (fp_line (start -1.48 -0.73) (end 1.48 -0.73) (layer F.CrtYd) (width 0.05))
    (fp_line (start 1.48 -0.73) (end 1.48 0.73) (layer F.CrtYd) (width 0.05))
    (fp_line (start 1.48 0.73) (end -1.48 0.73) (layer F.CrtYd) (width 0.05))
    (fp_text user %R (at 0 0 90) (layer F.Fab)
      (effects (font (size 0.4 0.4) (thickness 0.06)))
    )
    (pad 2 smd roundrect (at 0.825 0 90) (size 0.8 0.95) (layers F.Cu F.Paste F.Mask) (roundrect_rratio 0.25)
      (net 21 "Net-(Q2-Pad1)"))
    (pad 1 smd roundrect (at -0.825 0 90) (size 0.8 0.95) (layers F.Cu F.Paste F.Mask) (roundrect_rratio 0.25)
      (net 19 "Net-(Q1-Pad2)"))
    (model ${KISYS3DMOD}/Resistor_SMD.3dshapes/R_0603_1608Metric.wrl
      (at (xyz 0 0 0))
      (scale (xyz 1 1 1))
      (rotate (xyz 0 0 0))
    )
  )

  (module digikey-footprints:Battery_Holder_Coin_2032_BS-7 (layer B.Cu) (tedit 603E1540) (tstamp 60403947)
    (at 158.3 93.7 90)
    (descr http://www.memoryprotectiondevices.com/datasheets/BS-7-datasheet.pdf)
    (path /5FCDF9AF)
    (fp_text reference BT1 (at 7.52856 12.3063 270) (layer B.SilkS)
      (effects (font (size 1 1) (thickness 0.15)) (justify mirror))
    )
    (fp_text value Battery_Cell (at 7.4676 -13.56 270) (layer B.Fab)
      (effects (font (size 1 1) (thickness 0.15)) (justify mirror))
    )
    (fp_circle (center 7.4676 0) (end -3.7084 0) (layer B.Fab) (width 0.1))
    (fp_circle (center 7.4676 0) (end -3.7592 0) (layer B.SilkS) (width 0.1))
    (fp_line (start 17.9832 3.81) (end 20.6756 3.81) (layer B.Fab) (width 0.1))
    (fp_line (start 17.9832 -3.81) (end 20.6756 -3.81) (layer B.Fab) (width 0.1))
    (fp_line (start 20.6756 3.81) (end 20.6756 -3.81) (layer B.Fab) (width 0.1))
    (fp_line (start 18.034 3.9116) (end 20.7772 3.9116) (layer B.SilkS) (width 0.1))
    (fp_line (start 18.034 -3.9116) (end 20.7772 -3.9116) (layer B.SilkS) (width 0.1))
    (fp_line (start 20.7772 3.9116) (end 20.7772 1.0668) (layer B.SilkS) (width 0.1))
    (fp_line (start 20.7772 -3.9116) (end 20.7772 -1.0668) (layer B.SilkS) (width 0.1))
    (fp_line (start -3.9624 11.43) (end -3.9624 -11.43) (layer B.CrtYd) (width 0.05))
    (fp_line (start 21.5138 11.43) (end 21.5138 -11.43) (layer B.CrtYd) (width 0.05))
    (fp_line (start -3.9624 11.43) (end 21.5138 11.43) (layer B.CrtYd) (width 0.05))
    (fp_line (start -3.9624 -11.43) (end 21.5138 -11.43) (layer B.CrtYd) (width 0.05))
    (fp_text user %R (at 6.5 0 270) (layer B.Fab)
      (effects (font (size 1 1) (thickness 0.15)) (justify mirror))
    )
    (pad 2 thru_hole rect (at 0 0 90) (size 2.17 2.17) (drill 1.17) (layers *.Cu *.Mask)
      (net 1 Earth))
    (pad 1 thru_hole circle (at 20 0 90) (size 2.5 2.5) (drill 1.5) (layers *.Cu *.Mask)
      (net 48 "Net-(BT1-Pad1)"))
  )

  (module Capacitor_SMD:C_0402_1005Metric (layer F.Cu) (tedit 5F68FEEE) (tstamp 603E4FAD)
    (at 116.3 72.514999 90)
    (descr "Capacitor SMD 0402 (1005 Metric), square (rectangular) end terminal, IPC_7351 nominal, (Body size source: IPC-SM-782 page 76, https://www.pcb-3d.com/wordpress/wp-content/uploads/ipc-sm-782a_amendment_1_and_2.pdf), generated with kicad-footprint-generator")
    (tags capacitor)
    (path /5FE27B3D)
    (attr smd)
    (fp_text reference C1 (at 0 -1.16 90) (layer F.SilkS)
      (effects (font (size 1 1) (thickness 0.15)))
    )
    (fp_text value 1n (at 0.014999 1.16 90) (layer F.Fab)
      (effects (font (size 1 1) (thickness 0.15)))
    )
    (fp_line (start -0.5 0.25) (end -0.5 -0.25) (layer F.Fab) (width 0.1))
    (fp_line (start -0.5 -0.25) (end 0.5 -0.25) (layer F.Fab) (width 0.1))
    (fp_line (start 0.5 -0.25) (end 0.5 0.25) (layer F.Fab) (width 0.1))
    (fp_line (start 0.5 0.25) (end -0.5 0.25) (layer F.Fab) (width 0.1))
    (fp_line (start -0.107836 -0.36) (end 0.107836 -0.36) (layer F.SilkS) (width 0.12))
    (fp_line (start -0.107836 0.36) (end 0.107836 0.36) (layer F.SilkS) (width 0.12))
    (fp_line (start -0.91 0.46) (end -0.91 -0.46) (layer F.CrtYd) (width 0.05))
    (fp_line (start -0.91 -0.46) (end 0.91 -0.46) (layer F.CrtYd) (width 0.05))
    (fp_line (start 0.91 -0.46) (end 0.91 0.46) (layer F.CrtYd) (width 0.05))
    (fp_line (start 0.91 0.46) (end -0.91 0.46) (layer F.CrtYd) (width 0.05))
    (fp_text user %R (at 0 0 90) (layer F.Fab)
      (effects (font (size 0.25 0.25) (thickness 0.04)))
    )
