(kicad_pcb (version 20171130) (host pcbnew "(5.1.8)-1")

  (general
    (thickness 1.6)
    (drawings 4)
    (tracks 94)
    (zones 0)
    (modules 25)
    (nets 28)
  )

  (page A4)
  (layers
    (0 F.Cu signal)
    (1 In1.Cu power hide)
    (2 In2.Cu power hide)
    (31 B.Cu signal)
    (32 B.Adhes user)
    (33 F.Adhes user)
    (34 B.Paste user)
    (35 F.Paste user)
    (36 B.SilkS user)
    (37 F.SilkS user)
    (38 B.Mask user)
    (39 F.Mask user)
    (40 Dwgs.User user)
    (41 Cmts.User user)
    (42 Eco1.User user)
    (43 Eco2.User user)
    (44 Edge.Cuts user)
    (45 Margin user)
    (46 B.CrtYd user)
    (47 F.CrtYd user)
    (48 B.Fab user)
    (49 F.Fab user)
  )

  (setup
    (last_trace_width 0.25)
    (user_trace_width 0.6)
    (user_trace_width 1)
    (trace_clearance 0.2)
    (zone_clearance 0.508)
    (zone_45_only no)
    (trace_min 0.2)
    (via_size 0.8)
    (via_drill 0.4)
    (via_min_size 0.4)
    (via_min_drill 0.3)
    (user_via 1 0.6)
    (uvia_size 0.3)
    (uvia_drill 0.1)
    (uvias_allowed no)
    (uvia_min_size 0.2)
    (uvia_min_drill 0.1)
    (edge_width 0.05)
    (segment_width 0.2)
    (pcb_text_width 0.3)
    (pcb_text_size 1.5 1.5)
    (mod_edge_width 0.12)
    (mod_text_size 1 1)
    (mod_text_width 0.15)
    (pad_size 2.17 2.17)
    (pad_drill 1.17)
    (pad_to_mask_clearance 0)
    (aux_axis_origin 0 0)
    (visible_elements 7FFFFFFF)
    (pcbplotparams
      (layerselection 0x010fc_ffffffff)
      (usegerberextensions false)
      (usegerberattributes true)
      (usegerberadvancedattributes true)
      (creategerberjobfile true)
      (excludeedgelayer true)
      (linewidth 0.100000)
      (plotframeref false)
      (viasonmask false)
      (mode 1)
      (useauxorigin false)
      (hpglpennumber 1)
      (hpglpenspeed 20)
      (hpglpendiameter 15.000000)
      (psnegative false)
      (psa4output false)
      (plotreference true)
      (plotvalue true)
      (plotinvisibletext false)
      (padsonsilk false)
      (subtractmaskfromsilk false)
      (outputformat 1)
      (mirror false)
      (drillshape 0)
      (scaleselection 1)
      (outputdirectory "../Gerbers V1/"))
  )

  (net 0 "")
  (net 1 Earth)
  (net 2 +3V3)
  (net 3 +12V)
  (net 4 "Net-(Q3-Pad1)")
  (net 5 "Net-(Q4-Pad1)")
  (net 6 "Net-(Q5-Pad1)")
  (net 7 "Net-(Q6-Pad1)")
  (net 8 "Net-(Q7-Pad1)")
  (net 9 "Net-(Q8-Pad1)")
  (net 10 "Net-(D3-Pad2)")
  (net 11 "Net-(D6-Pad2)")
  (net 12 "Net-(D10-Pad2)")
  (net 13 "Net-(D12-Pad2)")
  (net 14 "Net-(D15-Pad2)")
  (net 15 "Net-(D18-Pad2)")
  (net 16 /PWM6)
  (net 17 /PWM5)
  (net 18 /PWM4)
  (net 19 /PWM3)
  (net 20 /PWM2)
  (net 21 /PWM1)
  (net 22 "Net-(Q3-Pad2)")
  (net 23 "Net-(Q4-Pad2)")
  (net 24 "Net-(Q5-Pad2)")
  (net 25 "Net-(Q6-Pad2)")
  (net 26 "Net-(Q7-Pad2)")
  (net 27 "Net-(Q8-Pad2)")

  (net_class Default "This is the default net class."
    (clearance 0.2)
    (trace_width 0.25)
    (via_dia 0.8)
    (via_drill 0.4)
    (uvia_dia 0.3)
    (uvia_drill 0.1)
    (add_net +12V)
    (add_net +3V3)
    (add_net /PWM1)
    (add_net /PWM2)
    (add_net /PWM3)
    (add_net /PWM4)
    (add_net /PWM5)
    (add_net /PWM6)
    (add_net Earth)
    (add_net "Net-(D10-Pad2)")
    (add_net "Net-(D12-Pad2)")
    (add_net "Net-(D15-Pad2)")
    (add_net "Net-(D18-Pad2)")
    (add_net "Net-(D3-Pad2)")
    (add_net "Net-(D6-Pad2)")
    (add_net "Net-(Q3-Pad1)")
    (add_net "Net-(Q3-Pad2)")
    (add_net "Net-(Q4-Pad1)")
    (add_net "Net-(Q4-Pad2)")
    (add_net "Net-(Q5-Pad1)")
    (add_net "Net-(Q5-Pad2)")
    (add_net "Net-(Q6-Pad1)")
    (add_net "Net-(Q6-Pad2)")
    (add_net "Net-(Q7-Pad1)")
    (add_net "Net-(Q7-Pad2)")
    (add_net "Net-(Q8-Pad1)")
    (add_net "Net-(Q8-Pad2)")
  )

  (module Connector_PinSocket_2.54mm:PinSocket_1x08_P2.54mm_Vertical (layer B.Cu) (tedit 5A19A420) (tstamp 603E542F)
    (at 149.5 49.75 270)
    (descr "Through hole straight socket strip, 1x08, 2.54mm pitch, single row (from Kicad 4.0.7), script generated")
    (tags "Through hole socket strip THT 1x08 2.54mm single row")
    (path /608929CC)
    (fp_text reference J14 (at 0 2.77 90) (layer B.SilkS)
      (effects (font (size 1 1) (thickness 0.15)) (justify mirror))
    )
    (fp_text value Conn_01x08_Male (at 0 -20.55 90) (layer B.Fab)
      (effects (font (size 1 1) (thickness 0.15)) (justify mirror))
    )
    (fp_line (start -1.27 1.27) (end 0.635 1.27) (layer B.Fab) (width 0.1))
    (fp_line (start 0.635 1.27) (end 1.27 0.635) (layer B.Fab) (width 0.1))
    (fp_line (start 1.27 0.635) (end 1.27 -19.05) (layer B.Fab) (width 0.1))
    (fp_line (start 1.27 -19.05) (end -1.27 -19.05) (layer B.Fab) (width 0.1))
    (fp_line (start -1.27 -19.05) (end -1.27 1.27) (layer B.Fab) (width 0.1))
    (fp_line (start -1.33 -1.27) (end 1.33 -1.27) (layer B.SilkS) (width 0.12))
    (fp_line (start -1.33 -1.27) (end -1.33 -19.11) (layer B.SilkS) (width 0.12))
    (fp_line (start -1.33 -19.11) (end 1.33 -19.11) (layer B.SilkS) (width 0.12))
    (fp_line (start 1.33 -1.27) (end 1.33 -19.11) (layer B.SilkS) (width 0.12))
    (fp_line (start 1.33 1.33) (end 1.33 0) (layer B.SilkS) (width 0.12))
    (fp_line (start 0 1.33) (end 1.33 1.33) (layer B.SilkS) (width 0.12))
    (fp_line (start -1.8 1.8) (end 1.75 1.8) (layer B.CrtYd) (width 0.05))
    (fp_line (start 1.75 1.8) (end 1.75 -19.55) (layer B.CrtYd) (width 0.05))
    (fp_line (start 1.75 -19.55) (end -1.8 -19.55) (layer B.CrtYd) (width 0.05))
    (fp_line (start -1.8 -19.55) (end -1.8 1.8) (layer B.CrtYd) (width 0.05))
    (fp_text user %R (at 0 -8.89 180) (layer B.Fab)
      (effects (font (size 1 1) (thickness 0.15)) (justify mirror))
    )
    (pad 1 thru_hole rect (at 0 0 270) (size 1.7 1.7) (drill 1) (layers *.Cu *.Mask)
      (net 1 Earth))
    (pad 2 thru_hole oval (at 0 -2.54 270) (size 1.7 1.7) (drill 1) (layers *.Cu *.Mask)
      (net 21 /PWM1))
    (pad 3 thru_hole oval (at 0 -5.08 270) (size 1.7 1.7) (drill 1) (layers *.Cu *.Mask)
      (net 20 /PWM2))
    (pad 4 thru_hole oval (at 0 -7.62 270) (size 1.7 1.7) (drill 1) (layers *.Cu *.Mask)
      (net 19 /PWM3))
    (pad 5 thru_hole oval (at 0 -10.16 270) (size 1.7 1.7) (drill 1) (layers *.Cu *.Mask)
      (net 18 /PWM4))
    (pad 6 thru_hole oval (at 0 -12.7 270) (size 1.7 1.7) (drill 1) (layers *.Cu *.Mask)
      (net 17 /PWM5))
    (pad 7 thru_hole oval (at 0 -15.24 270) (size 1.7 1.7) (drill 1) (layers *.Cu *.Mask)
      (net 16 /PWM6))
    (pad 8 thru_hole oval (at 0 -17.78 270) (size 1.7 1.7) (drill 1) (layers *.Cu *.Mask)
      (net 3 +12V))
    (model ${KISYS3DMOD}/Connector_PinSocket_2.54mm.3dshapes/PinSocket_1x08_P2.54mm_Vertical.wrl
      (at (xyz 0 0 0))
      (scale (xyz 1 1 1))
      (rotate (xyz 0 0 0))
    )
  )

  (module Resistor_SMD:R_0603_1608Metric (layer F.Cu) (tedit 5F68FEEE) (tstamp 60427F31)
    (at 154.175 47 180)
    (descr "Resistor SMD 0603 (1608 Metric), square (rectangular) end terminal, IPC_7351 nominal, (Body size source: IPC-SM-782 page 72, https://www.pcb-3d.com/wordpress/wp-content/uploads/ipc-sm-782a_amendment_1_and_2.pdf), generated with kicad-footprint-generator")
    (tags resistor)
    (path /608A4409/608D2E1A)
    (attr smd)
    (fp_text reference R14 (at 2 -0.064999 270) (layer F.SilkS)
      (effects (font (size 1 1) (thickness 0.15)))
    )
    (fp_text value 1k (at 0 1.43) (layer F.Fab)
      (effects (font (size 1 1) (thickness 0.15)))
    )
    (fp_line (start -0.8 0.4125) (end -0.8 -0.4125) (layer F.Fab) (width 0.1))
    (fp_line (start -0.8 -0.4125) (end 0.8 -0.4125) (layer F.Fab) (width 0.1))
    (fp_line (start 0.8 -0.4125) (end 0.8 0.4125) (layer F.Fab) (width 0.1))
    (fp_line (start 0.8 0.4125) (end -0.8 0.4125) (layer F.Fab) (width 0.1))
    (fp_line (start -0.237258 -0.5225) (end 0.237258 -0.5225) (layer F.SilkS) (width 0.12))
    (fp_line (start -0.237258 0.5225) (end 0.237258 0.5225) (layer F.SilkS) (width 0.12))
    (fp_line (start -1.48 0.73) (end -1.48 -0.73) (layer F.CrtYd) (width 0.05))
    (fp_line (start -1.48 -0.73) (end 1.48 -0.73) (layer F.CrtYd) (width 0.05))
    (fp_line (start 1.48 -0.73) (end 1.48 0.73) (layer F.CrtYd) (width 0.05))
    (fp_line (start 1.48 0.73) (end -1.48 0.73) (layer F.CrtYd) (width 0.05))
    (fp_text user %R (at 0 0) (layer F.Fab)
      (effects (font (size 0.4 0.4) (thickness 0.06)))
    )
    (pad 1 smd roundrect (at -0.825 0 180) (size 0.8 0.95) (layers F.Cu F.Paste F.Mask) (roundrect_rratio 0.25)
      (net 19 /PWM3))
    (pad 2 smd roundrect (at 0.825 0 180) (size 0.8 0.95) (layers F.Cu F.Paste F.Mask) (roundrect_rratio 0.25)
      (net 6 "Net-(Q5-Pad1)"))
    (model ${KISYS3DMOD}/Resistor_SMD.3dshapes/R_0603_1608Metric.wrl
      (at (xyz 0 0 0))
      (scale (xyz 1 1 1))
      (rotate (xyz 0 0 0))
    )
  )

  (module Resistor_SMD:R_0603_1608Metric (layer F.Cu) (tedit 5F68FEEE) (tstamp 60427F01)
    (at 172.25 43)
    (descr "Resistor SMD 0603 (1608 Metric), square (rectangular) end terminal, IPC_7351 nominal, (Body size source: IPC-SM-782 page 72, https://www.pcb-3d.com/wordpress/wp-content/uploads/ipc-sm-782a_amendment_1_and_2.pdf), generated with kicad-footprint-generator")
    (tags resistor)
    (path /608A4409/608DC73C)
    (attr smd)
    (fp_text reference R17 (at -2.138 -0.094 270) (layer F.SilkS)
      (effects (font (size 1 1) (thickness 0.15)))
    )
    (fp_text value 1k (at 0 1.43) (layer F.Fab)
      (effects (font (size 1 1) (thickness 0.15)))
    )
    (fp_line (start 1.48 0.73) (end -1.48 0.73) (layer F.CrtYd) (width 0.05))
    (fp_line (start 1.48 -0.73) (end 1.48 0.73) (layer F.CrtYd) (width 0.05))
    (fp_line (start -1.48 -0.73) (end 1.48 -0.73) (layer F.CrtYd) (width 0.05))
    (fp_line (start -1.48 0.73) (end -1.48 -0.73) (layer F.CrtYd) (width 0.05))
    (fp_line (start -0.237258 0.5225) (end 0.237258 0.5225) (layer F.SilkS) (width 0.12))
    (fp_line (start -0.237258 -0.5225) (end 0.237258 -0.5225) (layer F.SilkS) (width 0.12))
    (fp_line (start 0.8 0.4125) (end -0.8 0.4125) (layer F.Fab) (width 0.1))
    (fp_line (start 0.8 -0.4125) (end 0.8 0.4125) (layer F.Fab) (width 0.1))
    (fp_line (start -0.8 -0.4125) (end 0.8 -0.4125) (layer F.Fab) (width 0.1))
    (fp_line (start -0.8 0.4125) (end -0.8 -0.4125) (layer F.Fab) (width 0.1))
    (fp_text user %R (at 0 0) (layer F.Fab)
      (effects (font (size 0.4 0.4) (thickness 0.06)))
    )
    (pad 2 smd roundrect (at 0.825 0) (size 0.8 0.95) (layers F.Cu F.Paste F.Mask) (roundrect_rratio 0.25)
      (net 9 "Net-(Q8-Pad1)"))
    (pad 1 smd roundrect (at -0.825 0) (size 0.8 0.95) (layers F.Cu F.Paste F.Mask) (roundrect_rratio 0.25)
      (net 16 /PWM6))
    (model ${KISYS3DMOD}/Resistor_SMD.3dshapes/R_0603_1608Metric.wrl
      (at (xyz 0 0 0))
      (scale (xyz 1 1 1))
      (rotate (xyz 0 0 0))
    )
  )

  (module Resistor_SMD:R_0603_1608Metric (layer F.Cu) (tedit 5F68FEEE) (tstamp 60427F91)
    (at 144.25 43 180)
    (descr "Resistor SMD 0603 (1608 Metric), square (rectangular) end terminal, IPC_7351 nominal, (Body size source: IPC-SM-782 page 72, https://www.pcb-3d.com/wordpress/wp-content/uploads/ipc-sm-782a_amendment_1_and_2.pdf), generated with kicad-footprint-generator")
    (tags resistor)
    (path /608A4409/608B7DE3)
    (attr smd)
    (fp_text reference R12 (at 2.225 -0.4 270) (layer F.SilkS)
      (effects (font (size 1 1) (thickness 0.15)))
    )
    (fp_text value 1k (at 0 1.43) (layer F.Fab)
      (effects (font (size 1 1) (thickness 0.15)))
    )
    (fp_line (start -0.8 0.4125) (end -0.8 -0.4125) (layer F.Fab) (width 0.1))
    (fp_line (start -0.8 -0.4125) (end 0.8 -0.4125) (layer F.Fab) (width 0.1))
    (fp_line (start 0.8 -0.4125) (end 0.8 0.4125) (layer F.Fab) (width 0.1))
    (fp_line (start 0.8 0.4125) (end -0.8 0.4125) (layer F.Fab) (width 0.1))
    (fp_line (start -0.237258 -0.5225) (end 0.237258 -0.5225) (layer F.SilkS) (width 0.12))
    (fp_line (start -0.237258 0.5225) (end 0.237258 0.5225) (layer F.SilkS) (width 0.12))
    (fp_line (start -1.48 0.73) (end -1.48 -0.73) (layer F.CrtYd) (width 0.05))
    (fp_line (start -1.48 -0.73) (end 1.48 -0.73) (layer F.CrtYd) (width 0.05))
    (fp_line (start 1.48 -0.73) (end 1.48 0.73) (layer F.CrtYd) (width 0.05))
    (fp_line (start 1.48 0.73) (end -1.48 0.73) (layer F.CrtYd) (width 0.05))
    (fp_text user %R (at 0 0) (layer F.Fab)
      (effects (font (size 0.4 0.4) (thickness 0.06)))
    )
    (pad 1 smd roundrect (at -0.825 0 180) (size 0.8 0.95) (layers F.Cu F.Paste F.Mask) (roundrect_rratio 0.25)
      (net 21 /PWM1))
    (pad 2 smd roundrect (at 0.825 0 180) (size 0.8 0.95) (layers F.Cu F.Paste F.Mask) (roundrect_rratio 0.25)
      (net 4 "Net-(Q3-Pad1)"))
    (model ${KISYS3DMOD}/Resistor_SMD.3dshapes/R_0603_1608Metric.wrl
      (at (xyz 0 0 0))
      (scale (xyz 1 1 1))
      (rotate (xyz 0 0 0))
    )
  )

  (module Resistor_SMD:R_0603_1608Metric (layer F.Cu) (tedit 5F68FEEE) (tstamp 60427FC1)
    (at 149.25 45 180)
    (descr "Resistor SMD 0603 (1608 Metric), square (rectangular) end terminal, IPC_7351 nominal, (Body size source: IPC-SM-782 page 72, https://www.pcb-3d.com/wordpress/wp-content/uploads/ipc-sm-782a_amendment_1_and_2.pdf), generated with kicad-footprint-generator")
    (tags resistor)
    (path /608A4409/608BBE57)
    (attr smd)
    (fp_text reference R13 (at -2.2 0 270) (layer F.SilkS)
      (effects (font (size 1 1) (thickness 0.15)))
    )
    (fp_text value 1k (at 0 1.43) (layer F.Fab)
      (effects (font (size 1 1) (thickness 0.15)))
    )
    (fp_line (start 1.48 0.73) (end -1.48 0.73) (layer F.CrtYd) (width 0.05))
    (fp_line (start 1.48 -0.73) (end 1.48 0.73) (layer F.CrtYd) (width 0.05))
    (fp_line (start -1.48 -0.73) (end 1.48 -0.73) (layer F.CrtYd) (width 0.05))
    (fp_line (start -1.48 0.73) (end -1.48 -0.73) (layer F.CrtYd) (width 0.05))
    (fp_line (start -0.237258 0.5225) (end 0.237258 0.5225) (layer F.SilkS) (width 0.12))
    (fp_line (start -0.237258 -0.5225) (end 0.237258 -0.5225) (layer F.SilkS) (width 0.12))
    (fp_line (start 0.8 0.4125) (end -0.8 0.4125) (layer F.Fab) (width 0.1))
    (fp_line (start 0.8 -0.4125) (end 0.8 0.4125) (layer F.Fab) (width 0.1))
    (fp_line (start -0.8 -0.4125) (end 0.8 -0.4125) (layer F.Fab) (width 0.1))
    (fp_line (start -0.8 0.4125) (end -0.8 -0.4125) (layer F.Fab) (width 0.1))
    (fp_text user %R (at 0 0) (layer F.Fab)
      (effects (font (size 0.4 0.4) (thickness 0.06)))
    )
    (pad 2 smd roundrect (at 0.825 0 180) (size 0.8 0.95) (layers F.Cu F.Paste F.Mask) (roundrect_rratio 0.25)
      (net 5 "Net-(Q4-Pad1)"))
    (pad 1 smd roundrect (at -0.825 0 180) (size 0.8 0.95) (layers F.Cu F.Paste F.Mask) (roundrect_rratio 0.25)
      (net 20 /PWM2))
    (model ${KISYS3DMOD}/Resistor_SMD.3dshapes/R_0603_1608Metric.wrl
      (at (xyz 0 0 0))
      (scale (xyz 1 1 1))
      (rotate (xyz 0 0 0))
    )
  )

  (module Resistor_SMD:R_0603_1608Metric (layer F.Cu) (tedit 5F68FEEE) (tstamp 60427ED1)
    (at 162.25 47)
    (descr "Resistor SMD 0603 (1608 Metric), square (rectangular) end terminal, IPC_7351 nominal, (Body size source: IPC-SM-782 page 72, https://www.pcb-3d.com/wordpress/wp-content/uploads/ipc-sm-782a_amendment_1_and_2.pdf), generated with kicad-footprint-generator")
    (tags resistor)
    (path /608A4409/608D2E5A)
    (attr smd)
    (fp_text reference R15 (at -2.2 0 90) (layer F.SilkS)
      (effects (font (size 1 1) (thickness 0.15)))
    )
    (fp_text value 1k (at 0 1.43) (layer F.Fab)
      (effects (font (size 1 1) (thickness 0.15)))
    )
    (fp_line (start 1.48 0.73) (end -1.48 0.73) (layer F.CrtYd) (width 0.05))
    (fp_line (start 1.48 -0.73) (end 1.48 0.73) (layer F.CrtYd) (width 0.05))
    (fp_line (start -1.48 -0.73) (end 1.48 -0.73) (layer F.CrtYd) (width 0.05))
    (fp_line (start -1.48 0.73) (end -1.48 -0.73) (layer F.CrtYd) (width 0.05))
    (fp_line (start -0.237258 0.5225) (end 0.237258 0.5225) (layer F.SilkS) (width 0.12))
    (fp_line (start -0.237258 -0.5225) (end 0.237258 -0.5225) (layer F.SilkS) (width 0.12))
    (fp_line (start 0.8 0.4125) (end -0.8 0.4125) (layer F.Fab) (width 0.1))
    (fp_line (start 0.8 -0.4125) (end 0.8 0.4125) (layer F.Fab) (width 0.1))
    (fp_line (start -0.8 -0.4125) (end 0.8 -0.4125) (layer F.Fab) (width 0.1))
    (fp_line (start -0.8 0.4125) (end -0.8 -0.4125) (layer F.Fab) (width 0.1))
    (fp_text user %R (at 0 0) (layer F.Fab)
      (effects (font (size 0.4 0.4) (thickness 0.06)))
    )
    (pad 2 smd roundrect (at 0.825 0) (size 0.8 0.95) (layers F.Cu F.Paste F.Mask) (roundrect_rratio 0.25)
      (net 7 "Net-(Q6-Pad1)"))
    (pad 1 smd roundrect (at -0.825 0) (size 0.8 0.95) (layers F.Cu F.Paste F.Mask) (roundrect_rratio 0.25)
      (net 18 /PWM4))
    (model ${KISYS3DMOD}/Resistor_SMD.3dshapes/R_0603_1608Metric.wrl
      (at (xyz 0 0 0))
      (scale (xyz 1 1 1))
      (rotate (xyz 0 0 0))
    )
  )

  (module Resistor_SMD:R_0603_1608Metric (layer F.Cu) (tedit 5F68FEEE) (tstamp 60427F61)
    (at 167.25 45)
    (descr "Resistor SMD 0603 (1608 Metric), square (rectangular) end terminal, IPC_7351 nominal, (Body size source: IPC-SM-782 page 72, https://www.pcb-3d.com/wordpress/wp-content/uploads/ipc-sm-782a_amendment_1_and_2.pdf), generated with kicad-footprint-generator")
    (tags resistor)
    (path /608A4409/608DC6FC)
    (attr smd)
    (fp_text reference R16 (at 2 0 270) (layer F.SilkS)
      (effects (font (size 1 1) (thickness 0.15)))
    )
    (fp_text value 1k (at 0 1.43) (layer F.Fab)
      (effects (font (size 1 1) (thickness 0.15)))
    )
    (fp_line (start -0.8 0.4125) (end -0.8 -0.4125) (layer F.Fab) (width 0.1))
    (fp_line (start -0.8 -0.4125) (end 0.8 -0.4125) (layer F.Fab) (width 0.1))
    (fp_line (start 0.8 -0.4125) (end 0.8 0.4125) (layer F.Fab) (width 0.1))
    (fp_line (start 0.8 0.4125) (end -0.8 0.4125) (layer F.Fab) (width 0.1))
    (fp_line (start -0.237258 -0.5225) (end 0.237258 -0.5225) (layer F.SilkS) (width 0.12))
    (fp_line (start -0.237258 0.5225) (end 0.237258 0.5225) (layer F.SilkS) (width 0.12))
    (fp_line (start -1.48 0.73) (end -1.48 -0.73) (layer F.CrtYd) (width 0.05))
    (fp_line (start -1.48 -0.73) (end 1.48 -0.73) (layer F.CrtYd) (width 0.05))
    (fp_line (start 1.48 -0.73) (end 1.48 0.73) (layer F.CrtYd) (width 0.05))
    (fp_line (start 1.48 0.73) (end -1.48 0.73) (layer F.CrtYd) (width 0.05))
    (fp_text user %R (at 0 0) (layer F.Fab)
      (effects (font (size 0.4 0.4) (thickness 0.06)))
    )
    (pad 1 smd roundrect (at -0.825 0) (size 0.8 0.95) (layers F.Cu F.Paste F.Mask) (roundrect_rratio 0.25)
      (net 17 /PWM5))
    (pad 2 smd roundrect (at 0.825 0) (size 0.8 0.95) (layers F.Cu F.Paste F.Mask) (roundrect_rratio 0.25)
      (net 8 "Net-(Q7-Pad1)"))
    (model ${KISYS3DMOD}/Resistor_SMD.3dshapes/R_0603_1608Metric.wrl
      (at (xyz 0 0 0))
      (scale (xyz 1 1 1))
      (rotate (xyz 0 0 0))
    )
  )

  (module Package_TO_SOT_SMD:SOT-23 (layer F.Cu) (tedit 5A02FF57) (tstamp 60427FF5)
    (at 154.5 44.5 90)
    (descr "SOT-23, Standard")
    (tags SOT-23)
    (path /608A4409/608D2E0A)
    (attr smd)
    (fp_text reference Q5 (at 0.04 2.39 90) (layer F.SilkS)
      (effects (font (size 1 1) (thickness 0.15)))
    )
    (fp_text value Q_PNP_BCE (at 0 2.5 90) (layer F.Fab)
      (effects (font (size 1 1) (thickness 0.15)))
    )
    (fp_line (start 0.76 1.58) (end -0.7 1.58) (layer F.SilkS) (width 0.12))
    (fp_line (start 0.76 -1.58) (end -1.4 -1.58) (layer F.SilkS) (width 0.12))
    (fp_line (start -1.7 1.75) (end -1.7 -1.75) (layer F.CrtYd) (width 0.05))
    (fp_line (start 1.7 1.75) (end -1.7 1.75) (layer F.CrtYd) (width 0.05))
    (fp_line (start 1.7 -1.75) (end 1.7 1.75) (layer F.CrtYd) (width 0.05))
    (fp_line (start -1.7 -1.75) (end 1.7 -1.75) (layer F.CrtYd) (width 0.05))
    (fp_line (start 0.76 -1.58) (end 0.76 -0.65) (layer F.SilkS) (width 0.12))
    (fp_line (start 0.76 1.58) (end 0.76 0.65) (layer F.SilkS) (width 0.12))
    (fp_line (start -0.7 1.52) (end 0.7 1.52) (layer F.Fab) (width 0.1))
    (fp_line (start 0.7 -1.52) (end 0.7 1.52) (layer F.Fab) (width 0.1))
    (fp_line (start -0.7 -0.95) (end -0.15 -1.52) (layer F.Fab) (width 0.1))
    (fp_line (start -0.15 -1.52) (end 0.7 -1.52) (layer F.Fab) (width 0.1))
    (fp_line (start -0.7 -0.95) (end -0.7 1.5) (layer F.Fab) (width 0.1))
    (fp_text user %R (at 0 0) (layer F.Fab)
      (effects (font (size 0.5 0.5) (thickness 0.075)))
    )
    (pad 3 smd rect (at 1 0 90) (size 0.9 0.8) (layers F.Cu F.Paste F.Mask)
      (net 3 +12V))
    (pad 2 smd rect (at -1 0.95 90) (size 0.9 0.8) (layers F.Cu F.Paste F.Mask)
      (net 24 "Net-(Q5-Pad2)"))
    (pad 1 smd rect (at -1 -0.95 90) (size 0.9 0.8) (layers F.Cu F.Paste F.Mask)
      (net 6 "Net-(Q5-Pad1)"))
    (model ${KISYS3DMOD}/Package_TO_SOT_SMD.3dshapes/SOT-23.wrl
      (at (xyz 0 0 0))
      (scale (xyz 1 1 1))
      (rotate (xyz 0 0 0))
    )
  )

  (module digikey-footprints:LED_L135-A589003500000 (layer F.Cu) (tedit 5FCF554F) (tstamp 60427E91)
    (at 151 23.5)
    (path /608A4409/608A6717)
    (fp_text reference D5 (at 0.635 -3.175) (layer F.SilkS)
      (effects (font (size 1 1) (thickness 0.015)))
    )
    (fp_text value LED (at 11.43 3.175) (layer F.Fab)
      (effects (font (size 1 1) (thickness 0.015)))
    )
    (fp_poly (pts (xy -0.23 1.085) (xy -0.23 -1.085) (xy -0.229705 -1.096252) (xy -0.228822 -1.107474)
      (xy -0.227353 -1.118633) (xy -0.225302 -1.129701) (xy -0.222674 -1.140646) (xy -0.219477 -1.151439)
      (xy -0.21572 -1.162049) (xy -0.211412 -1.172448) (xy -0.206566 -1.182608) (xy -0.201195 -1.1925)
      (xy -0.195314 -1.202097) (xy -0.188939 -1.211374) (xy -0.182086 -1.220304) (xy -0.174776 -1.228863)
      (xy -0.167028 -1.237028) (xy -0.158863 -1.244776) (xy -0.150304 -1.252086) (xy -0.141374 -1.258939)
      (xy -0.132097 -1.265314) (xy -0.1225 -1.271195) (xy -0.112608 -1.276566) (xy -0.102448 -1.281412)
      (xy -0.092049 -1.28572) (xy -0.081439 -1.289477) (xy -0.070646 -1.292674) (xy -0.059701 -1.295302)
      (xy -0.048633 -1.297353) (xy -0.037474 -1.298822) (xy -0.026252 -1.299705) (xy -0.015 -1.3)
      (xy 1.685 -1.3) (xy 1.696252 -1.299705) (xy 1.707474 -1.298822) (xy 1.718633 -1.297353)
      (xy 1.729701 -1.295302) (xy 1.740646 -1.292674) (xy 1.751439 -1.289477) (xy 1.762049 -1.28572)
      (xy 1.772448 -1.281412) (xy 1.782608 -1.276566) (xy 1.7925 -1.271195) (xy 1.802097 -1.265314)
      (xy 1.811374 -1.258939) (xy 1.820304 -1.252086) (xy 1.828863 -1.244776) (xy 1.837028 -1.237028)
      (xy 1.844776 -1.228863) (xy 1.852086 -1.220304) (xy 1.858939 -1.211374) (xy 1.865314 -1.202097)
      (xy 1.871195 -1.1925) (xy 1.876566 -1.182608) (xy 1.881412 -1.172448) (xy 1.88572 -1.162049)
      (xy 1.889477 -1.151439) (xy 1.892674 -1.140646) (xy 1.895302 -1.129701) (xy 1.897353 -1.118633)
      (xy 1.898822 -1.107474) (xy 1.899705 -1.096252) (xy 1.9 -1.085) (xy 1.9 1.085)
      (xy 1.899705 1.096252) (xy 1.898822 1.107474) (xy 1.897353 1.118633) (xy 1.895302 1.129701)
      (xy 1.892674 1.140646) (xy 1.889477 1.151439) (xy 1.88572 1.162049) (xy 1.881412 1.172448)
      (xy 1.876566 1.182608) (xy 1.871195 1.1925) (xy 1.865314 1.202097) (xy 1.858939 1.211374)
      (xy 1.852086 1.220304) (xy 1.844776 1.228863) (xy 1.837028 1.237028) (xy 1.828863 1.244776)
      (xy 1.820304 1.252086) (xy 1.811374 1.258939) (xy 1.802097 1.265314) (xy 1.7925 1.271195)
      (xy 1.782608 1.276566) (xy 1.772448 1.281412) (xy 1.762049 1.28572) (xy 1.751439 1.289477)
      (xy 1.740646 1.292674) (xy 1.729701 1.295302) (xy 1.718633 1.297353) (xy 1.707474 1.298822)
      (xy 1.696252 1.299705) (xy 1.685 1.3) (xy -0.015 1.3) (xy -0.026252 1.299705)
      (xy -0.037474 1.298822) (xy -0.048633 1.297353) (xy -0.059701 1.295302) (xy -0.070646 1.292674)
      (xy -0.081439 1.289477) (xy -0.092049 1.28572) (xy -0.102448 1.281412) (xy -0.112608 1.276566)
      (xy -0.1225 1.271195) (xy -0.132097 1.265314) (xy -0.141374 1.258939) (xy -0.150304 1.252086)
      (xy -0.158863 1.244776) (xy -0.167028 1.237028) (xy -0.174776 1.228863) (xy -0.182086 1.220304)
      (xy -0.188939 1.211374) (xy -0.195314 1.202097) (xy -0.201195 1.1925) (xy -0.206566 1.182608)
      (xy -0.211412 1.172448) (xy -0.21572 1.162049) (xy -0.219477 1.151439) (xy -0.222674 1.140646)
      (xy -0.225302 1.129701) (xy -0.227353 1.118633) (xy -0.228822 1.107474) (xy -0.229705 1.096252)
      (xy -0.23 1.085)) (layer F.Mask) (width 0.01))
    (fp_poly (pts (xy 1.9 0.25) (xy 2.4 0.25) (xy 2.4 -0.25) (xy 1.9 -0.25)) (layer F.Mask) (width 0.01))
    (fp_poly (pts (xy -1.9 1.15) (xy -1.9 -1.15) (xy -1.899794 -1.15785) (xy -1.899178 -1.165679)
      (xy -1.898153 -1.173465) (xy -1.896722 -1.181187) (xy -1.894889 -1.188823) (xy -1.892658 -1.196353)
      (xy -1.890037 -1.203755) (xy -1.887032 -1.21101) (xy -1.883651 -1.218099) (xy -1.879904 -1.225)
      (xy -1.875801 -1.231696) (xy -1.871353 -1.238168) (xy -1.866572 -1.244398) (xy -1.861472 -1.25037)
      (xy -1.856066 -1.256066) (xy -1.85037 -1.261472) (xy -1.844398 -1.266572) (xy -1.838168 -1.271353)
      (xy -1.831696 -1.275801) (xy -1.825 -1.279904) (xy -1.818099 -1.283651) (xy -1.81101 -1.287032)
      (xy -1.803755 -1.290037) (xy -1.796353 -1.292658) (xy -1.788823 -1.294889) (xy -1.781187 -1.296722)
      (xy -1.773465 -1.298153) (xy -1.765679 -1.299178) (xy -1.75785 -1.299794) (xy -1.75 -1.3)
      (xy -1.03 -1.3) (xy -1.02215 -1.299794) (xy -1.014321 -1.299178) (xy -1.006535 -1.298153)
      (xy -0.998813 -1.296722) (xy -0.991177 -1.294889) (xy -0.983647 -1.292658) (xy -0.976245 -1.290037)
      (xy -0.96899 -1.287032) (xy -0.961901 -1.283651) (xy -0.955 -1.279904) (xy -0.948304 -1.275801)
      (xy -0.941832 -1.271353) (xy -0.935602 -1.266572) (xy -0.92963 -1.261472) (xy -0.923934 -1.256066)
      (xy -0.918528 -1.25037) (xy -0.913428 -1.244398) (xy -0.908647 -1.238168) (xy -0.904199 -1.231696)
      (xy -0.900096 -1.225) (xy -0.896349 -1.218099) (xy -0.892968 -1.21101) (xy -0.889963 -1.203755)
      (xy -0.887342 -1.196353) (xy -0.885111 -1.188823) (xy -0.883278 -1.181187) (xy -0.881847 -1.173465)
      (xy -0.880822 -1.165679) (xy -0.880206 -1.15785) (xy -0.88 -1.15) (xy -0.88 1.15)
      (xy -0.880206 1.15785) (xy -0.880822 1.165679) (xy -0.881847 1.173465) (xy -0.883278 1.181187)
      (xy -0.885111 1.188823) (xy -0.887342 1.196353) (xy -0.889963 1.203755) (xy -0.892968 1.21101)
      (xy -0.896349 1.218099) (xy -0.900096 1.225) (xy -0.904199 1.231696) (xy -0.908647 1.238168)
      (xy -0.913428 1.244398) (xy -0.918528 1.25037) (xy -0.923934 1.256066) (xy -0.92963 1.261472)
      (xy -0.935602 1.266572) (xy -0.941832 1.271353) (xy -0.948304 1.275801) (xy -0.955 1.279904)
      (xy -0.961901 1.283651) (xy -0.96899 1.287032) (xy -0.976245 1.290037) (xy -0.983647 1.292658)
      (xy -0.991177 1.294889) (xy -0.998813 1.296722) (xy -1.006535 1.298153) (xy -1.014321 1.299178)
      (xy -1.02215 1.299794) (xy -1.03 1.3) (xy -1.75 1.3) (xy -1.75785 1.299794)
      (xy -1.765679 1.299178) (xy -1.773465 1.298153) (xy -1.781187 1.296722) (xy -1.788823 1.294889)
      (xy -1.796353 1.292658) (xy -1.803755 1.290037) (xy -1.81101 1.287032) (xy -1.818099 1.283651)
      (xy -1.825 1.279904) (xy -1.831696 1.275801) (xy -1.838168 1.271353) (xy -1.844398 1.266572)
      (xy -1.85037 1.261472) (xy -1.856066 1.256066) (xy -1.861472 1.25037) (xy -1.866572 1.244398)
      (xy -1.871353 1.238168) (xy -1.875801 1.231696) (xy -1.879904 1.225) (xy -1.883651 1.218099)
      (xy -1.887032 1.21101) (xy -1.890037 1.203755) (xy -1.892658 1.196353) (xy -1.894889 1.188823)
      (xy -1.896722 1.181187) (xy -1.898153 1.173465) (xy -1.899178 1.165679) (xy -1.899794 1.15785)
      (xy -1.9 1.15)) (layer F.Mask) (width 0.01))
    (fp_line (start -1.7 1.75) (end -1.7 -1.75) (layer F.Fab) (width 0.127))
    (fp_line (start -1.7 -1.75) (end 1.7 -1.75) (layer F.Fab) (width 0.127))
    (fp_line (start 1.7 -1.75) (end 1.7 1.75) (layer F.Fab) (width 0.127))
    (fp_line (start 1.7 1.75) (end -1.7 1.75) (layer F.Fab) (width 0.127))
    (fp_line (start 1.7 1.75) (end -1.7 1.75) (layer F.SilkS) (width 0.127))
    (fp_line (start -1.7 -1.75) (end 1.7 -1.75) (layer F.SilkS) (width 0.127))
    (fp_circle (center 2.5 -0.8) (end 2.6 -0.8) (layer F.SilkS) (width 0.2))
    (fp_circle (center 2.5 -0.8) (end 2.6 -0.8) (layer F.Fab) (width 0.2))
    (fp_line (start -2.05 -2) (end 2.05 -2) (layer F.CrtYd) (width 0.05))
    (fp_line (start 2.05 -2) (end 2.05 -0.5) (layer F.CrtYd) (width 0.05))
    (fp_line (start 2.05 -0.5) (end 2.65 -0.5) (layer F.CrtYd) (width 0.05))
    (fp_line (start 2.65 -0.5) (end 2.65 0.5) (layer F.CrtYd) (width 0.05))
    (fp_line (start 2.65 0.5) (end 2.05 0.5) (layer F.CrtYd) (width 0.05))
    (fp_line (start 2.05 0.5) (end 2.05 2) (layer F.CrtYd) (width 0.05))
    (fp_line (start 2.05 2) (end -2.05 2) (layer F.CrtYd) (width 0.05))
    (fp_line (start -2.05 2) (end -2.05 -2) (layer F.CrtYd) (width 0.05))
    (pad 1 smd rect (at 0.835 0) (size 1.93 2.4) (layers F.Cu F.Paste)
      (net 1 Earth))
    (pad 2 smd rect (at -1.39 0) (size 0.82 2.4) (layers F.Cu F.Paste)
      (net 10 "Net-(D3-Pad2)"))
  )

  (module digikey-footprints:LED_L135-A589003500000 (layer F.Cu) (tedit 5FCF554F) (tstamp 60427E49)
    (at 154 29.723131 60)
    (path /608A4409/608BBE25)
    (fp_text reference D7 (at 0.635 -3.175 60) (layer F.SilkS)
      (effects (font (size 1 1) (thickness 0.015)))
    )
    (fp_text value LED (at 11.43 3.175 60) (layer F.Fab)
      (effects (font (size 1 1) (thickness 0.015)))
    )
    (fp_poly (pts (xy -0.23 1.085) (xy -0.23 -1.085) (xy -0.229705 -1.096252) (xy -0.228822 -1.107474)
      (xy -0.227353 -1.118633) (xy -0.225302 -1.129701) (xy -0.222674 -1.140646) (xy -0.219477 -1.151439)
      (xy -0.21572 -1.162049) (xy -0.211412 -1.172448) (xy -0.206566 -1.182608) (xy -0.201195 -1.1925)
      (xy -0.195314 -1.202097) (xy -0.188939 -1.211374) (xy -0.182086 -1.220304) (xy -0.174776 -1.228863)
      (xy -0.167028 -1.237028) (xy -0.158863 -1.244776) (xy -0.150304 -1.252086) (xy -0.141374 -1.258939)
      (xy -0.132097 -1.265314) (xy -0.1225 -1.271195) (xy -0.112608 -1.276566) (xy -0.102448 -1.281412)
      (xy -0.092049 -1.28572) (xy -0.081439 -1.289477) (xy -0.070646 -1.292674) (xy -0.059701 -1.295302)
      (xy -0.048633 -1.297353) (xy -0.037474 -1.298822) (xy -0.026252 -1.299705) (xy -0.015 -1.3)
      (xy 1.685 -1.3) (xy 1.696252 -1.299705) (xy 1.707474 -1.298822) (xy 1.718633 -1.297353)
      (xy 1.729701 -1.295302) (xy 1.740646 -1.292674) (xy 1.751439 -1.289477) (xy 1.762049 -1.28572)
      (xy 1.772448 -1.281412) (xy 1.782608 -1.276566) (xy 1.7925 -1.271195) (xy 1.802097 -1.265314)
      (xy 1.811374 -1.258939) (xy 1.820304 -1.252086) (xy 1.828863 -1.244776) (xy 1.837028 -1.237028)
      (xy 1.844776 -1.228863) (xy 1.852086 -1.220304) (xy 1.858939 -1.211374) (xy 1.865314 -1.202097)
      (xy 1.871195 -1.1925) (xy 1.876566 -1.182608) (xy 1.881412 -1.172448) (xy 1.88572 -1.162049)
      (xy 1.889477 -1.151439) (xy 1.892674 -1.140646) (xy 1.895302 -1.129701) (xy 1.897353 -1.118633)
      (xy 1.898822 -1.107474) (xy 1.899705 -1.096252) (xy 1.9 -1.085) (xy 1.9 1.085)
      (xy 1.899705 1.096252) (xy 1.898822 1.107474) (xy 1.897353 1.118633) (xy 1.895302 1.129701)
      (xy 1.892674 1.140646) (xy 1.889477 1.151439) (xy 1.88572 1.162049) (xy 1.881412 1.172448)
      (xy 1.876566 1.182608) (xy 1.871195 1.1925) (xy 1.865314 1.202097) (xy 1.858939 1.211374)
      (xy 1.852086 1.220304) (xy 1.844776 1.228863) (xy 1.837028 1.237028) (xy 1.828863 1.244776)
      (xy 1.820304 1.252086) (xy 1.811374 1.258939) (xy 1.802097 1.265314) (xy 1.7925 1.271195)
      (xy 1.782608 1.276566) (xy 1.772448 1.281412) (xy 1.762049 1.28572) (xy 1.751439 1.289477)
      (xy 1.740646 1.292674) (xy 1.729701 1.295302) (xy 1.718633 1.297353) (xy 1.707474 1.298822)
      (xy 1.696252 1.299705) (xy 1.685 1.3) (xy -0.015 1.3) (xy -0.026252 1.299705)
      (xy -0.037474 1.298822) (xy -0.048633 1.297353) (xy -0.059701 1.295302) (xy -0.070646 1.292674)
      (xy -0.081439 1.289477) (xy -0.092049 1.28572) (xy -0.102448 1.281412) (xy -0.112608 1.276566)
      (xy -0.1225 1.271195) (xy -0.132097 1.265314) (xy -0.141374 1.258939) (xy -0.150304 1.252086)
      (xy -0.158863 1.244776) (xy -0.167028 1.237028) (xy -0.174776 1.228863) (xy -0.182086 1.220304)
      (xy -0.188939 1.211374) (xy -0.195314 1.202097) (xy -0.201195 1.1925) (xy -0.206566 1.182608)
      (xy -0.211412 1.172448) (xy -0.21572 1.162049) (xy -0.219477 1.151439) (xy -0.222674 1.140646)
      (xy -0.225302 1.129701) (xy -0.227353 1.118633) (xy -0.228822 1.107474) (xy -0.229705 1.096252)
      (xy -0.23 1.085)) (layer F.Mask) (width 0.01))
    (fp_poly (pts (xy 1.9 0.25) (xy 2.4 0.25) (xy 2.4 -0.25) (xy 1.9 -0.25)) (layer F.Mask) (width 0.01))
    (fp_poly (pts (xy -1.9 1.15) (xy -1.9 -1.15) (xy -1.899794 -1.15785) (xy -1.899178 -1.165679)
      (xy -1.898153 -1.173465) (xy -1.896722 -1.181187) (xy -1.894889 -1.188823) (xy -1.892658 -1.196353)
      (xy -1.890037 -1.203755) (xy -1.887032 -1.21101) (xy -1.883651 -1.218099) (xy -1.879904 -1.225)
      (xy -1.875801 -1.231696) (xy -1.871353 -1.238168) (xy -1.866572 -1.244398) (xy -1.861472 -1.25037)
      (xy -1.856066 -1.256066) (xy -1.85037 -1.261472) (xy -1.844398 -1.266572) (xy -1.838168 -1.271353)
      (xy -1.831696 -1.275801) (xy -1.825 -1.279904) (xy -1.818099 -1.283651) (xy -1.81101 -1.287032)
      (xy -1.803755 -1.290037) (xy -1.796353 -1.292658) (xy -1.788823 -1.294889) (xy -1.781187 -1.296722)
      (xy -1.773465 -1.298153) (xy -1.765679 -1.299178) (xy -1.75785 -1.299794) (xy -1.75 -1.3)
      (xy -1.03 -1.3) (xy -1.02215 -1.299794) (xy -1.014321 -1.299178) (xy -1.006535 -1.298153)
      (xy -0.998813 -1.296722) (xy -0.991177 -1.294889) (xy -0.983647 -1.292658) (xy -0.976245 -1.290037)
      (xy -0.96899 -1.287032) (xy -0.961901 -1.283651) (xy -0.955 -1.279904) (xy -0.948304 -1.275801)
      (xy -0.941832 -1.271353) (xy -0.935602 -1.266572) (xy -0.92963 -1.261472) (xy -0.923934 -1.256066)
      (xy -0.918528 -1.25037) (xy -0.913428 -1.244398) (xy -0.908647 -1.238168) (xy -0.904199 -1.231696)
      (xy -0.900096 -1.225) (xy -0.896349 -1.218099) (xy -0.892968 -1.21101) (xy -0.889963 -1.203755)
      (xy -0.887342 -1.196353) (xy -0.885111 -1.188823) (xy -0.883278 -1.181187) (xy -0.881847 -1.173465)
      (xy -0.880822 -1.165679) (xy -0.880206 -1.15785) (xy -0.88 -1.15) (xy -0.88 1.15)
      (xy -0.880206 1.15785) (xy -0.880822 1.165679) (xy -0.881847 1.173465) (xy -0.883278 1.181187)
      (xy -0.885111 1.188823) (xy -0.887342 1.196353) (xy -0.889963 1.203755) (xy -0.892968 1.21101)
      (xy -0.896349 1.218099) (xy -0.900096 1.225) (xy -0.904199 1.231696) (xy -0.908647 1.238168)
      (xy -0.913428 1.244398) (xy -0.918528 1.25037) (xy -0.923934 1.256066) (xy -0.92963 1.261472)
      (xy -0.935602 1.266572) (xy -0.941832 1.271353) (xy -0.948304 1.275801) (xy -0.955 1.279904)
      (xy -0.961901 1.283651) (xy -0.96899 1.287032) (xy -0.976245 1.290037) (xy -0.983647 1.292658)
      (xy -0.991177 1.294889) (xy -0.998813 1.296722) (xy -1.006535 1.298153) (xy -1.014321 1.299178)
      (xy -1.02215 1.299794) (xy -1.03 1.3) (xy -1.75 1.3) (xy -1.75785 1.299794)
      (xy -1.765679 1.299178) (xy -1.773465 1.298153) (xy -1.781187 1.296722) (xy -1.788823 1.294889)
      (xy -1.796353 1.292658) (xy -1.803755 1.290037) (xy -1.81101 1.287032) (xy -1.818099 1.283651)
      (xy -1.825 1.279904) (xy -1.831696 1.275801) (xy -1.838168 1.271353) (xy -1.844398 1.266572)
      (xy -1.85037 1.261472) (xy -1.856066 1.256066) (xy -1.861472 1.25037) (xy -1.866572 1.244398)
      (xy -1.871353 1.238168) (xy -1.875801 1.231696) (xy -1.879904 1.225) (xy -1.883651 1.218099)
      (xy -1.887032 1.21101) (xy -1.890037 1.203755) (xy -1.892658 1.196353) (xy -1.894889 1.188823)
      (xy -1.896722 1.181187) (xy -1.898153 1.173465) (xy -1.899178 1.165679) (xy -1.899794 1.15785)
      (xy -1.9 1.15)) (layer F.Mask) (width 0.01))
    (fp_line (start -1.7 1.75) (end -1.7 -1.75) (layer F.Fab) (width 0.127))
    (fp_line (start -1.7 -1.75) (end 1.7 -1.75) (layer F.Fab) (width 0.127))
    (fp_line (start 1.7 -1.75) (end 1.7 1.75) (layer F.Fab) (width 0.127))
    (fp_line (start 1.7 1.75) (end -1.7 1.75) (layer F.Fab) (width 0.127))
    (fp_line (start 1.7 1.75) (end -1.7 1.75) (layer F.SilkS) (width 0.127))
    (fp_line (start -1.7 -1.75) (end 1.7 -1.75) (layer F.SilkS) (width 0.127))
    (fp_circle (center 2.5 -0.8) (end 2.6 -0.8) (layer F.SilkS) (width 0.2))
    (fp_circle (center 2.5 -0.8) (end 2.6 -0.8) (layer F.Fab) (width 0.2))
    (fp_line (start -2.05 -2) (end 2.05 -2) (layer F.CrtYd) (width 0.05))
    (fp_line (start 2.05 -2) (end 2.05 -0.5) (layer F.CrtYd) (width 0.05))
    (fp_line (start 2.05 -0.5) (end 2.65 -0.5) (layer F.CrtYd) (width 0.05))
    (fp_line (start 2.65 -0.5) (end 2.65 0.5) (layer F.CrtYd) (width 0.05))
    (fp_line (start 2.65 0.5) (end 2.05 0.5) (layer F.CrtYd) (width 0.05))
    (fp_line (start 2.05 0.5) (end 2.05 2) (layer F.CrtYd) (width 0.05))
    (fp_line (start 2.05 2) (end -2.05 2) (layer F.CrtYd) (width 0.05))
    (fp_line (start -2.05 2) (end -2.05 -2) (layer F.CrtYd) (width 0.05))
    (pad 1 smd rect (at 0.835 0 60) (size 1.93 2.4) (layers F.Cu F.Paste)
      (net 1 Earth))
    (pad 2 smd rect (at -1.39 0 60) (size 0.82 2.4) (layers F.Cu F.Paste)
      (net 11 "Net-(D6-Pad2)"))
  )

  (module digikey-footprints:LED_L135-A589003500000 (layer F.Cu) (tedit 5FCF554F) (tstamp 60427E01)
    (at 162 29.723131 120)
    (path /608A4409/608D2DE2)
    (fp_text reference D10 (at 0.635 -3.175 120) (layer F.SilkS)
      (effects (font (size 1 1) (thickness 0.015)))
    )
    (fp_text value LED (at 11.43 3.175 120) (layer F.Fab)
      (effects (font (size 1 1) (thickness 0.015)))
    )
    (fp_line (start -2.05 2) (end -2.05 -2) (layer F.CrtYd) (width 0.05))
    (fp_line (start 2.05 2) (end -2.05 2) (layer F.CrtYd) (width 0.05))
    (fp_line (start 2.05 0.5) (end 2.05 2) (layer F.CrtYd) (width 0.05))
    (fp_line (start 2.65 0.5) (end 2.05 0.5) (layer F.CrtYd) (width 0.05))
    (fp_line (start 2.65 -0.5) (end 2.65 0.5) (layer F.CrtYd) (width 0.05))
    (fp_line (start 2.05 -0.5) (end 2.65 -0.5) (layer F.CrtYd) (width 0.05))
    (fp_line (start 2.05 -2) (end 2.05 -0.5) (layer F.CrtYd) (width 0.05))
    (fp_line (start -2.05 -2) (end 2.05 -2) (layer F.CrtYd) (width 0.05))
    (fp_circle (center 2.5 -0.8) (end 2.6 -0.8) (layer F.Fab) (width 0.2))
    (fp_circle (center 2.5 -0.8) (end 2.6 -0.8) (layer F.SilkS) (width 0.2))
    (fp_line (start -1.7 -1.75) (end 1.7 -1.75) (layer F.SilkS) (width 0.127))
    (fp_line (start 1.7 1.75) (end -1.7 1.75) (layer F.SilkS) (width 0.127))
    (fp_line (start 1.7 1.75) (end -1.7 1.75) (layer F.Fab) (width 0.127))
    (fp_line (start 1.7 -1.75) (end 1.7 1.75) (layer F.Fab) (width 0.127))
    (fp_line (start -1.7 -1.75) (end 1.7 -1.75) (layer F.Fab) (width 0.127))
    (fp_line (start -1.7 1.75) (end -1.7 -1.75) (layer F.Fab) (width 0.127))
    (fp_poly (pts (xy -1.9 1.15) (xy -1.9 -1.15) (xy -1.899794 -1.15785) (xy -1.899178 -1.165679)
      (xy -1.898153 -1.173465) (xy -1.896722 -1.181187) (xy -1.894889 -1.188823) (xy -1.892658 -1.196353)
      (xy -1.890037 -1.203755) (xy -1.887032 -1.21101) (xy -1.883651 -1.218099) (xy -1.879904 -1.225)
      (xy -1.875801 -1.231696) (xy -1.871353 -1.238168) (xy -1.866572 -1.244398) (xy -1.861472 -1.25037)
      (xy -1.856066 -1.256066) (xy -1.85037 -1.261472) (xy -1.844398 -1.266572) (xy -1.838168 -1.271353)
      (xy -1.831696 -1.275801) (xy -1.825 -1.279904) (xy -1.818099 -1.283651) (xy -1.81101 -1.287032)
      (xy -1.803755 -1.290037) (xy -1.796353 -1.292658) (xy -1.788823 -1.294889) (xy -1.781187 -1.296722)
      (xy -1.773465 -1.298153) (xy -1.765679 -1.299178) (xy -1.75785 -1.299794) (xy -1.75 -1.3)
      (xy -1.03 -1.3) (xy -1.02215 -1.299794) (xy -1.014321 -1.299178) (xy -1.006535 -1.298153)
      (xy -0.998813 -1.296722) (xy -0.991177 -1.294889) (xy -0.983647 -1.292658) (xy -0.976245 -1.290037)
      (xy -0.96899 -1.287032) (xy -0.961901 -1.283651) (xy -0.955 -1.279904) (xy -0.948304 -1.275801)
